1 0 1451 1 2 3 4 5 6 7 8 9 10 11 12 13 14 15 16 17 18 19 20 21 22 23 24 25 26 27 28 29 30 31 32 33 34 35 36 37 38 39 40 41 42 43 44 45 46 47 48 49 50 51 52 53 54 55 56 57 58 59 60 61 62 63 64 65 66 67 68 69 70 71 72 73 74 75 76 77 78 79 80 81 82 83 84 85 86 87 88 89 90 91 92 93 94 95 96 97 98 99 100 101 102 103 104 105 106 107 108 109 110 111 112 113 114 115 116 117 118 119 120 121 122 123 124 125 126 127 128 
3 5198 6265 1 2 3 4 5 6 7 8 9 10 11 12 13 14 15 16 17 18 19 20 21 22 23 24 25 26 27 28 29 30 31 32 33 34 35 36 37 38 39 40 41 42 43 44 45 46 47 48 49 50 51 52 53 54 55 56 57 58 59 60 61 62 63 64 65 66 67 68 69 70 71 72 73 74 75 76 77 78 79 80 81 82 83 84 85 86 87 88 89 90 91 92 93 94 95 96 97 98 99 100 101 102 103 104 105 106 107 108 109 110 111 112 113 114 115 116 117 118 119 120 121 122 123 124 125 126 127 128 
4 6269 17196 1 2 3 4 5 6 7 8 9 10 11 12 13 14 15 16 17 18 19 20 21 22 23 24 25 26 27 28 29 30 31 32 33 34 35 36 37 38 39 40 41 42 43 44 45 46 47 48 49 50 51 52 53 54 55 56 57 58 59 60 61 62 63 64 65 66 67 68 69 70 71 72 73 74 75 76 77 78 79 80 81 82 83 84 85 86 87 88 89 90 91 92 93 94 95 96 97 98 99 100 101 102 103 104 105 106 107 108 109 110 111 112 113 114 115 116 117 118 119 120 121 122 123 124 125 126 127 128 
60 27331 27338 1 
2 27338 31064 1 2 3 4 5 6 7 8 9 10 11 12 13 14 15 16 17 18 19 20 21 22 23 24 25 26 27 28 29 30 31 32 33 34 35 36 37 38 39 40 41 42 43 44 45 46 47 48 49 50 51 52 53 54 55 56 57 58 59 60 61 62 63 64 65 66 67 68 69 70 71 72 73 74 75 76 77 78 79 80 81 82 83 84 85 86 87 88 89 90 91 92 93 94 95 96 97 98 99 100 101 102 103 104 105 106 107 108 109 110 111 112 113 114 115 116 117 118 119 120 121 122 123 124 125 126 127 128 
5 31064 33991 1 2 3 4 5 6 7 8 9 10 11 12 13 14 15 16 17 18 19 20 21 22 23 24 25 26 27 28 29 30 31 32 33 34 35 36 37 38 39 40 41 42 43 44 45 46 47 48 49 50 51 52 53 54 55 56 57 58 59 60 61 62 63 64 65 66 67 68 69 70 71 72 73 74 75 76 77 78 79 80 81 82 83 84 85 86 87 88 89 90 91 92 93 94 95 96 97 98 99 100 101 102 103 104 105 106 107 108 109 110 111 112 113 114 115 116 117 118 119 120 121 122 123 124 125 126 127 128 
59 33991 34707 1 2 3 4 5 6 7 8 9 10 11 12 13 14 15 16 17 18 19 20 21 22 23 24 25 26 27 28 29 30 31 32 
62 33991 34000 33 
57 33991 34001 34 
61 33991 34060 35 36 
72 33991 34066 37 38 39 40 41 42 43 44 45 46 47 48 49 50 51 52 53 54 55 56 57 58 59 60 61 62 63 64 65 66 67 68 
63 33991 34000 69 
76 33991 34167 70 71 72 73 74 75 76 77 78 79 80 81 82 83 84 85 86 87 88 89 90 91 92 93 94 95 96 97 98 99 100 101 
74 33991 34006 102 
85 33991 34045 103 104 105 106 
86 34060 34297 33 34 35 36 69 102 103 104 105 106 107 108 109 110 111 112 113 114 115 116 117 118 119 120 121 122 123 124 125 126 127 128 
80 34066 34295 37 38 39 40 41 42 43 44 45 46 47 48 49 50 51 52 53 54 55 56 57 58 59 60 61 62 63 64 65 66 67 68 
77 34167 34327 70 71 72 73 74 75 76 77 78 79 80 81 82 83 84 85 86 87 88 89 90 91 92 93 94 95 96 97 98 99 100 101 
91 34295 34314 37 38 39 40 41 42 43 44 45 46 47 48 49 50 51 52 
65 34295 35179 53 
90 34295 34352 54 55 56 57 
92 34295 34302 58 
95 34297 34440 33 34 35 36 59 60 61 62 63 64 65 66 67 68 69 102 103 104 105 106 107 108 109 110 111 112 113 114 115 116 117 118 
93 34327 34508 37 38 39 40 41 42 43 44 45 46 47 48 49 50 51 52 58 70 71 72 73 74 75 76 77 78 79 80 81 82 83 84 
97 34327 34386 85 86 87 88 
87 34327 34376 89 90 91 92 
96 34327 34334 93 
102 34327 34341 94 
98 34327 38361 95 96 97 98 99 100 101 119 120 121 122 123 124 125 126 127 
109 34440 34587 33 34 35 36 54 55 56 57 59 60 61 62 63 64 65 66 67 68 69 85 86 87 88 89 90 91 92 93 94 102 103 104 
107 34440 34492 105 106 107 108 
106 34440 34450 109 
104 34440 34491 110 111 112 113 
115 34440 34461 114 115 116 117 
110 34440 34459 118 
121 34673 34681 33 
89 34673 34777 34 35 36 37 38 39 40 41 42 43 44 45 46 47 48 49 50 51 52 54 55 56 57 58 59 60 61 62 63 64 65 66 
119 34673 34708 67 68 69 70 
126 35572 35635 1 2 3 4 
124 35572 35579 5 
117 35572 35772 6 7 8 9 10 11 12 13 14 15 16 17 18 19 20 21 22 23 24 25 26 27 28 29 30 31 32 33 34 35 36 37 
122 35572 36304 38 39 40 41 42 43 44 45 46 47 48 49 50 51 52 53 54 55 56 57 58 59 60 61 62 63 64 65 66 67 68 69 
128 35663 36390 1 2 3 4 5 70 71 72 73 74 75 76 77 78 79 80 81 82 83 84 85 86 87 88 89 90 91 92 93 94 102 103 
136 36204 36337 6 7 8 9 10 11 12 13 14 15 16 17 18 19 20 21 
133 36204 36257 22 23 24 25 
138 36451 36617 1 2 3 4 5 6 7 8 9 10 11 12 13 14 15 16 17 18 19 20 21 22 23 24 25 26 27 28 29 30 31 32 
111 36451 36511 33 34 35 36 
137 36451 36459 37 
135 36451 36571 38 39 40 41 42 43 44 45 46 47 48 49 50 51 52 53 54 55 56 57 58 59 60 61 62 63 64 65 66 67 68 69 
140 36641 37426 1 2 3 4 5 6 7 8 9 10 11 12 13 14 15 16 17 18 19 20 21 22 23 24 25 26 27 28 29 30 31 32 
144 36965 37558 33 34 35 36 37 38 39 40 41 42 43 44 45 46 47 48 49 50 51 52 53 54 55 56 57 58 59 60 61 62 63 64 
127 36965 36975 65 
146 37087 37210 65 66 67 68 69 70 71 72 73 74 75 76 77 78 79 80 
143 37087 42144 81 82 83 84 85 86 87 88 89 90 91 92 93 94 102 103 
150 37436 37465 1 
147 37436 37588 2 3 4 5 6 7 8 9 10 11 12 13 14 15 16 17 
141 37436 37587 18 19 20 21 22 23 24 25 26 27 28 29 30 31 32 65 
156 37826 37895 1 2 3 4 
155 37826 37998 5 6 7 8 9 10 11 12 13 14 15 16 17 18 19 20 21 22 23 24 25 26 27 28 29 30 31 32 33 34 35 36 
157 37877 38443 37 38 39 40 41 42 43 44 45 46 47 48 49 50 51 52 53 54 55 56 57 58 59 60 61 62 63 64 65 66 67 68 
151 37877 37948 69 70 71 72 
154 37948 38084 1 2 3 4 69 70 71 72 73 74 75 76 77 78 79 80 104 105 106 107 108 109 110 111 112 113 114 115 116 117 118 128 
162 38445 43195 1 2 3 4 5 6 7 8 9 10 11 12 13 14 15 16 17 18 19 20 21 22 23 24 25 26 27 28 29 30 31 32 
170 40045 40048 33 
159 40045 40852 34 35 36 37 38 39 40 41 42 43 44 45 46 47 48 49 50 51 52 53 54 55 56 57 58 59 60 61 62 63 64 65 
172 40336 41084 33 66 67 68 69 70 71 72 73 74 75 76 77 78 79 80 95 96 97 98 99 100 101 104 105 106 107 108 109 110 111 112 
175 40730 40798 113 114 115 116 
173 40730 40808 117 118 119 120 
176 40770 40779 121 
160 40770 40840 122 123 124 125 
183 41252 41458 33 34 35 36 37 38 39 40 41 42 43 44 45 46 47 48 49 50 51 52 53 54 55 56 57 58 59 60 61 62 63 64 
184 41391 41465 65 66 67 68 
180 41391 41407 69 
187 41598 41736 33 34 35 36 
163 41598 41605 37 
188 41759 41783 33 34 35 36 
189 41861 41898 33 34 35 36 37 38 39 40 
190 42024 42028 33 
178 42024 42088 34 35 36 37 
191 42064 42068 33 
186 42064 42324 38 39 40 41 42 43 44 45 46 47 48 49 50 51 52 53 54 55 56 57 58 59 60 61 62 63 64 65 66 67 68 69 
142 42064 42354 70 71 72 73 
198 42602 42656 33 34 35 36 
197 42602 42621 37 38 39 40 
199 42632 43132 37 38 39 40 41 42 43 44 45 46 47 48 49 50 51 52 53 54 55 56 57 58 59 60 61 62 63 64 65 66 67 68 
195 42632 42655 69 70 71 72 
192 42632 42636 73 
200 42670 43025 33 34 35 36 69 70 71 72 
202 42912 43147 73 74 75 76 77 78 79 80 81 82 83 84 85 86 87 88 89 90 91 92 93 94 95 96 97 98 99 100 101 102 103 104 
210 43180 44522 33 34 35 36 37 38 39 40 41 42 43 44 45 46 47 48 49 50 51 52 53 54 55 56 57 58 59 60 61 62 63 64 
205 43180 43184 65 66 67 68 69 70 71 72 73 74 75 76 77 78 79 80 
209 43180 43339 81 82 83 84 85 86 87 88 89 90 91 92 93 94 95 96 
211 43212 43806 1 2 3 4 5 6 7 8 
212 43326 43331 9 
214 43398 43532 9 10 11 12 13 14 15 16 17 18 19 20 21 22 23 24 
194 43398 43412 25 26 27 28 29 30 31 32 65 66 67 68 69 70 71 72 73 74 75 76 77 78 79 80 81 82 83 84 85 86 87 88 
217 43685 43819 9 10 11 12 13 14 15 16 17 18 19 20 21 22 23 24 
207 43685 43714 25 26 27 28 29 30 31 32 65 66 67 68 69 70 71 72 
220 43912 44038 1 2 3 4 5 6 7 8 9 10 11 12 13 14 15 16 
215 43912 43933 17 
221 43934 43939 17 
223 44117 44252 1 2 3 4 5 6 7 8 9 10 11 12 13 14 15 16 
219 44117 44197 17 18 19 20 21 22 23 24 
222 44117 44197 25 
213 44117 45758 26 27 28 29 30 31 32 65 66 67 68 69 70 71 72 73 
230 44542 45035 1 2 3 4 5 6 7 8 9 10 11 12 13 14 15 16 17 18 19 20 21 22 23 24 25 33 34 35 36 37 38 39 
218 44542 44565 40 
232 44576 45035 40 41 42 43 44 45 46 47 48 49 50 51 52 53 54 55 56 57 58 59 60 61 62 63 64 74 75 76 77 78 79 80 
226 44576 44584 81 
227 44576 45166 82 83 84 85 86 87 88 89 90 91 92 93 94 95 96 97 
237 46167 46180 1 
234 46167 46194 2 
242 46461 47215 1 
244 46546 47034 2 3 4 5 6 7 8 9 10 11 12 13 14 15 16 17 18 19 20 21 22 23 24 25 26 27 28 29 30 31 32 33 
225 46546 46635 34 35 36 37 38 39 40 41 42 43 44 45 46 47 48 49 
239 46546 47481 50 
250 47245 48168 1 
247 47245 47896 2 3 4 5 6 7 8 9 10 11 12 13 14 15 16 17 18 19 20 21 22 23 24 25 26 27 28 29 30 31 32 33 
248 47245 47669 34 35 36 37 38 39 40 41 42 43 44 45 46 47 48 49 51 52 53 54 55 56 57 58 59 60 61 62 63 64 65 66 
251 47395 50255 67 68 69 70 71 72 73 74 75 76 77 78 79 80 81 82 83 84 85 86 87 88 89 90 91 92 93 94 95 96 97 98 
252 47669 47849 34 35 36 37 38 39 40 41 42 43 44 45 46 47 48 49 50 51 52 53 54 55 56 57 58 59 60 61 62 63 64 65 
261 48720 48728 1 
263 49003 49012 1 
253 49003 49158 2 3 4 5 6 7 8 9 10 11 12 13 14 15 16 17 18 19 20 21 22 23 24 25 26 27 28 29 30 31 32 33 
264 49208 49220 1 
238 49208 49693 2 3 4 5 6 7 8 9 10 11 12 13 14 15 16 17 18 19 20 21 22 23 24 25 26 27 28 29 30 31 32 33 
266 49623 49636 1 
236 49623 49639 34 
275 50739 51864 1 2 3 4 5 6 7 8 9 10 11 12 13 14 15 16 17 18 19 20 21 22 23 24 25 26 27 28 29 30 31 32 
280 51171 51693 33 34 35 36 37 38 39 40 41 42 43 44 45 46 47 48 49 50 51 52 53 54 55 56 57 58 59 60 61 62 63 64 
277 51171 51183 65 
281 51189 51206 65 
283 51238 51692 65 66 67 68 
255 51238 55710 69 70 71 72 73 74 75 76 77 78 79 80 81 82 83 84 85 86 87 88 89 90 91 92 93 94 95 96 97 98 99 100 
272 51238 51344 101 102 103 104 
284 51268 51272 105 
287 51332 51353 105 106 
290 51751 51834 33 34 35 36 37 38 39 40 41 42 43 44 45 46 47 48 49 50 51 52 53 54 55 56 57 58 59 60 61 62 63 64 
274 51751 52113 65 66 67 68 101 102 103 104 105 106 107 108 109 110 111 112 113 114 115 116 117 118 119 120 121 122 123 124 125 126 127 128 
286 51834 51878 33 34 35 36 
293 51864 52039 1 2 3 4 5 6 7 8 9 10 11 12 13 14 15 16 17 18 19 20 21 22 23 24 25 26 27 28 29 30 31 32 
295 51932 52154 33 34 35 36 37 38 39 40 41 42 43 44 45 46 47 48 49 50 51 52 53 54 55 56 57 58 59 60 61 62 63 64 
297 52174 52546 1 2 3 4 5 6 7 8 9 10 11 12 13 14 15 16 17 18 19 20 21 22 23 24 25 26 27 28 29 30 31 32 
299 52615 53537 1 2 3 4 5 6 7 8 9 10 11 12 13 14 15 16 17 18 19 20 21 22 23 24 25 26 27 28 29 30 31 32 
289 52615 52618 33 
305 52912 52924 33 
291 52912 52918 34 35 36 37 
308 52985 53204 33 34 35 36 37 38 39 40 41 42 43 44 45 46 47 48 49 50 51 52 53 54 55 56 57 58 59 60 61 62 63 64 
309 53204 53242 33 34 35 36 37 38 39 40 41 42 43 44 45 46 47 48 49 50 51 52 53 54 55 56 57 58 59 60 61 62 63 64 65 66 67 68 101 102 103 104 105 106 107 108 109 110 111 112 113 114 115 116 117 118 119 120 121 122 123 124 125 126 127 128 
304 53242 53248 33 34 35 36 37 38 39 40 41 42 43 44 45 46 47 48 49 50 51 52 53 54 55 56 57 58 59 60 61 62 63 64 65 66 67 68 101 102 103 104 105 106 107 108 109 110 111 112 113 114 115 116 117 118 119 120 121 122 123 124 125 126 127 128 
307 53248 53251 33 34 35 36 37 38 39 40 41 42 43 44 45 46 47 48 49 50 51 52 53 54 55 56 57 58 59 60 61 62 63 64 65 66 67 68 101 102 103 104 105 106 107 108 109 110 111 112 113 114 115 116 117 118 119 120 121 122 123 124 125 126 127 128 
312 53251 53354 33 
311 53251 53393 34 
296 53251 53262 35 
314 53326 53337 35 
315 53328 53352 36 
316 53393 53396 33 34 35 36 37 38 39 40 41 42 43 44 45 46 47 48 49 50 51 52 53 54 55 56 57 58 59 60 61 62 63 64 65 66 67 68 101 102 103 104 105 106 107 108 109 110 111 112 113 114 115 116 117 118 119 120 121 122 123 124 125 126 127 128 
318 53472 53543 33 34 35 36 37 38 39 40 41 42 43 44 45 46 47 48 49 50 51 52 53 54 55 56 57 58 59 60 61 62 63 64 
319 53590 53593 1 2 3 4 5 6 7 8 9 10 11 12 13 14 15 16 17 18 19 20 21 22 23 24 25 26 27 28 29 30 31 32 33 34 35 36 37 38 39 40 41 42 43 44 45 46 47 48 49 50 51 52 53 54 55 56 57 58 59 60 61 62 63 64 
320 54127 54138 1 
327 54595 54607 1 
328 54673 54834 1 2 3 4 5 6 7 8 9 10 11 12 13 14 15 16 17 18 19 20 21 22 23 24 25 26 27 28 29 30 31 32 33 34 35 36 37 38 39 40 41 42 43 44 45 46 47 48 49 50 51 52 53 54 55 56 57 58 59 60 61 62 63 64 
294 54673 54781 65 66 67 68 
310 54834 54873 1 2 3 4 5 6 7 8 9 10 11 12 13 14 15 16 17 18 19 20 21 22 23 24 25 26 27 28 29 30 31 32 33 34 35 36 37 38 39 40 41 42 43 44 45 46 47 48 49 50 51 52 53 54 55 56 57 58 59 60 61 62 63 64 
332 54889 55142 1 2 3 4 5 6 7 8 9 10 11 12 13 14 15 16 17 18 19 20 21 22 23 24 25 26 27 28 29 30 31 32 33 34 35 36 37 38 39 40 41 42 43 44 45 46 47 48 49 50 51 52 53 54 55 56 57 58 59 60 61 62 63 64 
333 55252 56520 1 2 3 4 5 6 7 8 9 10 11 12 13 14 15 16 17 18 19 20 21 22 23 24 25 26 27 28 29 30 31 32 
331 55252 55472 33 34 35 36 37 38 39 40 41 42 43 44 45 46 47 48 49 50 51 52 53 54 55 56 57 58 59 60 61 62 63 64 
338 56204 56213 33 
313 56204 56264 34 
321 56204 58893 35 36 37 38 39 40 41 42 43 44 45 46 47 48 49 50 51 52 53 54 55 56 57 58 59 60 61 62 63 64 65 66 
341 57078 57372 1 2 3 4 5 6 7 8 9 10 11 12 13 14 15 16 17 18 19 20 21 22 23 24 25 26 27 28 29 30 31 32 
334 57078 58285 33 34 67 68 
336 57078 57087 69 
343 57412 57527 1 2 3 4 5 6 7 8 9 10 11 12 13 14 15 16 17 18 19 20 21 22 23 24 25 26 27 28 29 30 31 32 
339 57412 57699 69 70 71 72 73 74 75 76 77 78 79 80 81 82 83 84 85 86 87 88 89 90 91 92 93 94 95 96 97 98 99 100 
345 58126 60809 1 2 3 4 5 6 7 8 9 10 11 12 13 14 15 16 17 18 19 20 21 22 23 24 25 26 27 28 29 30 31 32 
346 58762 58863 33 34 67 68 
340 58762 58986 69 70 71 72 
348 59618 59630 33 
350 60520 60527 33 
347 60520 60532 34 
342 60520 60752 35 36 37 38 
351 61042 61289 1 2 3 4 5 6 7 8 9 10 11 12 13 14 15 16 17 18 19 20 21 22 23 24 25 26 27 28 29 30 31 32 33 34 35 36 37 38 39 40 41 42 43 44 45 46 47 48 49 50 51 52 53 54 55 56 57 58 59 60 61 62 63 64 
344 61042 61225 65 66 67 68 69 70 71 72 73 74 75 76 77 78 79 80 81 82 83 84 85 86 87 88 89 90 91 92 93 94 95 96 
354 61496 62391 1 2 3 4 5 6 7 8 9 10 11 12 13 14 15 16 17 18 19 20 21 22 23 24 25 26 27 28 29 30 31 32 
355 61686 61907 33 34 35 36 37 38 39 40 41 42 43 44 45 46 47 48 49 50 51 52 53 54 55 56 57 58 59 60 61 62 63 64 65 66 67 68 69 70 71 72 73 74 75 76 77 78 79 80 81 82 83 84 85 86 87 88 89 90 91 92 93 94 95 96 
356 62660 65334 1 2 3 4 5 6 7 8 9 10 11 12 13 14 15 16 17 18 19 20 21 22 23 24 25 26 27 28 29 30 31 32 
349 62660 62670 33 
353 62660 62903 34 35 36 37 38 39 40 41 42 43 44 45 46 47 48 49 50 51 52 53 54 55 56 57 58 59 60 61 62 63 64 65 66 67 68 69 70 71 72 73 74 75 76 77 78 79 80 81 82 83 84 85 86 87 88 89 90 91 92 93 94 95 96 97 
357 65100 65111 33 
417 102247 102251 1 
373 102247 111325 2 3 4 5 6 7 8 9 10 11 12 13 14 15 16 17 18 19 20 21 22 23 24 25 26 27 28 29 30 31 32 33 
379 111325 122250 1 2 3 4 5 6 7 8 9 10 11 12 13 14 15 16 17 18 19 20 21 22 23 24 25 26 27 28 29 30 31 32 33 34 35 36 37 38 39 40 41 42 43 44 45 46 47 48 49 50 51 52 53 54 55 56 57 58 59 60 61 62 63 64 65 66 67 68 69 70 71 72 73 74 75 76 77 78 79 80 81 82 83 84 85 86 87 88 89 90 91 92 93 94 95 96 97 98 99 100 101 102 103 104 105 106 107 108 109 110 111 112 113 114 115 116 117 118 119 120 121 122 123 124 125 126 127 128 
524 124269 124277 1 
501 124269 124278 2 
618 145195 145210 1 
532 145195 164956 2 3 4 5 6 7 8 9 10 11 12 13 14 15 16 17 
621 164956 165063 1 2 3 4 5 6 7 8 9 10 11 12 13 14 15 16 17 18 19 20 21 22 23 24 25 26 27 28 29 30 31 32 33 34 35 36 37 38 39 40 41 42 43 44 45 46 47 48 49 50 51 52 53 54 55 56 57 58 59 60 61 62 63 64 65 66 67 68 69 70 71 72 73 74 75 76 77 78 79 80 81 82 83 84 85 86 87 88 89 90 91 92 93 94 95 96 97 98 99 100 101 102 103 104 105 106 107 108 109 110 111 112 113 114 115 116 117 118 119 120 121 122 123 124 125 126 127 128 
507 165063 165071 1 
352 165063 165349 2 3 4 5 6 7 8 9 10 11 12 13 14 15 16 17 18 19 20 21 22 23 24 25 26 27 28 29 30 31 32 33 
619 165349 165365 1 2 3 4 5 6 7 8 9 10 11 12 13 14 15 16 17 18 19 20 21 22 23 24 25 26 27 28 29 30 31 32 33 34 35 36 37 38 39 40 41 42 43 44 45 46 47 48 49 50 51 52 53 54 55 56 57 58 59 60 61 62 63 64 65 66 67 68 69 70 71 72 73 74 75 76 77 78 79 80 81 82 83 84 85 86 87 88 89 90 91 92 93 94 95 96 97 98 99 100 101 102 103 104 105 106 107 108 109 110 111 112 113 114 115 116 117 118 119 120 121 122 123 124 125 126 127 128 
634 165365 165492 1 2 3 4 5 6 7 8 9 10 11 12 13 14 15 16 17 18 19 20 21 22 23 24 25 26 27 28 29 30 31 32 
633 165492 165885 1 2 3 4 5 6 7 8 9 10 11 12 13 14 15 16 17 18 19 20 21 22 23 24 25 26 27 28 29 30 31 32 33 34 35 36 37 38 39 40 41 42 43 44 45 46 47 48 49 50 51 52 53 54 55 56 57 58 59 60 61 62 63 64 65 66 67 68 69 70 71 72 73 74 75 76 77 78 79 80 81 82 83 84 85 86 87 88 89 90 91 92 93 94 95 96 97 98 99 100 101 102 103 104 105 106 107 108 109 110 111 112 113 114 115 116 117 118 119 120 121 122 123 124 125 126 127 128 
380 165885 172844 1 2 3 4 5 6 7 8 9 10 11 12 13 14 15 16 
630 172844 172940 1 2 3 4 5 6 7 8 9 10 11 12 13 14 15 16 17 18 19 20 21 22 23 24 25 26 27 28 29 30 31 32 33 34 35 36 37 38 39 40 41 42 43 44 45 46 47 48 49 50 51 52 53 54 55 56 57 58 59 60 61 62 63 64 65 66 67 68 69 70 71 72 73 74 75 76 77 78 79 80 81 82 83 84 85 86 87 88 89 90 91 92 93 94 95 96 97 98 99 100 101 102 103 104 105 106 107 108 109 110 111 112 113 114 115 116 117 118 119 120 121 122 123 124 125 126 127 128 
642 172940 173104 1 2 3 4 5 6 7 8 9 10 11 12 13 14 15 16 17 18 19 20 21 22 23 24 25 26 27 28 29 30 31 32 33 34 35 36 37 38 39 40 41 42 43 44 45 46 47 48 49 50 51 52 53 54 55 56 57 58 59 60 61 62 63 64 65 66 67 68 69 70 71 72 73 74 75 76 77 78 79 80 81 82 83 84 85 86 87 88 89 90 91 92 93 94 95 96 97 98 99 100 101 102 103 104 105 106 107 108 109 110 111 112 113 114 115 116 117 118 119 120 121 122 123 124 125 126 127 128 
644 173104 173234 1 2 3 4 5 6 7 8 9 10 11 12 13 14 15 16 17 18 19 20 21 22 23 24 25 26 27 28 29 30 31 32 33 34 35 36 37 38 39 40 41 42 43 44 45 46 47 48 49 50 51 52 53 54 55 56 57 58 59 60 61 62 63 64 
652 173104 173240 65 66 67 68 69 70 71 72 73 74 75 76 77 78 79 80 81 82 83 84 85 86 87 88 89 90 91 92 93 94 95 96 97 98 99 100 101 102 103 104 105 106 107 108 109 110 111 112 113 114 115 116 117 118 119 120 121 122 123 124 125 126 127 128 
650 173234 173337 1 2 3 4 5 6 7 8 9 10 11 12 13 14 15 16 17 18 19 20 21 22 23 24 25 26 27 28 29 30 31 32 
654 173240 173358 33 34 35 36 37 38 39 40 41 42 43 44 45 46 47 48 49 50 51 52 53 54 55 56 57 58 59 60 61 62 63 64 65 66 67 68 69 70 71 72 73 74 75 76 77 78 79 80 81 82 83 84 85 86 87 88 89 90 91 92 93 94 95 96 
643 173240 173352 97 98 99 100 101 102 103 104 105 106 107 108 109 110 111 112 113 114 115 116 117 118 119 120 121 122 123 124 125 126 127 128 
672 187722 187792 1 2 3 4 5 6 7 8 9 10 11 12 13 14 15 16 17 18 19 20 21 22 23 24 25 26 27 28 29 30 31 32 33 34 35 36 37 38 39 40 41 42 43 44 45 46 47 48 49 50 51 52 53 54 55 56 57 58 59 60 61 62 63 64 65 66 67 68 69 70 71 72 73 74 75 76 77 78 79 80 81 82 83 84 85 86 87 88 89 90 91 92 93 94 95 96 97 98 99 100 101 102 103 104 105 106 107 108 109 110 111 112 113 114 115 116 117 118 119 120 121 122 123 124 125 126 127 128 
641 187792 187968 1 2 3 4 5 6 7 8 9 10 11 12 13 14 15 16 17 18 19 20 21 22 23 24 25 26 27 28 29 30 31 32 33 34 35 36 37 38 39 40 41 42 43 44 45 46 47 48 49 50 51 52 53 54 55 56 57 58 59 60 61 62 63 64 
739 204541 204619 1 2 3 4 5 6 7 8 9 10 11 12 13 14 15 16 17 18 19 20 21 22 23 24 25 26 27 28 29 30 31 32 
657 204619 214246 1 2 3 4 5 6 7 8 9 10 11 12 13 14 15 16 17 18 19 20 21 22 23 24 25 26 27 28 29 30 31 32 33 34 35 36 37 38 39 40 41 42 43 44 45 46 47 48 49 50 51 52 53 54 55 56 57 58 59 60 61 62 63 64 65 66 67 68 69 70 71 72 73 74 75 76 77 78 79 80 81 82 83 84 85 86 87 88 89 90 91 92 93 94 95 96 97 98 99 100 101 102 103 104 105 106 107 108 109 110 111 112 113 114 115 116 117 118 119 120 121 122 123 124 125 126 127 128 
741 214246 214337 1 2 3 4 5 6 7 8 9 10 11 12 13 14 15 16 17 18 19 20 21 22 23 24 25 26 27 28 29 30 31 32 
744 214246 214330 33 34 35 36 37 38 39 40 41 42 43 44 45 46 47 48 49 50 51 52 53 54 55 56 57 58 59 60 61 62 63 64 
651 214246 215047 65 66 67 68 69 70 71 72 73 74 75 76 77 78 79 80 
740 214246 214330 81 82 83 84 85 86 87 88 89 90 91 92 93 94 95 96 97 98 99 100 101 102 103 104 105 106 107 108 109 110 111 112 
656 214330 214420 33 34 35 36 37 38 39 40 41 42 43 44 45 46 47 48 49 50 51 52 53 54 55 56 57 58 59 60 61 62 63 64 81 82 83 84 85 86 87 88 89 90 91 92 93 94 95 96 97 98 99 100 101 102 103 104 105 106 107 108 109 110 111 112 
751 214337 214439 1 2 3 4 5 6 7 8 9 10 11 12 13 14 15 16 17 18 19 20 21 22 23 24 25 26 27 28 29 30 31 32 
750 214420 214523 33 34 35 36 37 38 39 40 41 42 43 44 45 46 47 48 49 50 51 52 53 54 55 56 57 58 59 60 61 62 63 64 
752 214420 214522 81 82 83 84 85 86 87 88 89 90 91 92 93 94 95 96 97 98 99 100 101 102 103 104 105 106 107 108 109 110 111 112 
753 214439 214542 1 2 3 4 5 6 7 8 9 10 11 12 13 14 15 16 17 18 19 20 21 22 23 24 25 26 27 28 29 30 31 32 
673 215047 215688 1 2 3 4 5 6 7 8 9 10 11 12 13 14 15 16 17 18 19 20 21 22 23 24 25 26 27 28 29 30 31 32 33 34 35 36 37 38 39 40 41 42 43 44 45 46 47 48 49 50 51 52 53 54 55 56 57 58 59 60 61 62 63 64 65 66 67 68 69 70 71 72 73 74 75 76 77 78 79 80 81 82 83 84 85 86 87 88 89 90 91 92 93 94 95 96 97 98 99 100 101 102 103 104 105 106 107 108 109 110 111 112 113 114 115 116 117 118 119 120 121 122 123 124 125 126 127 128 
772 215688 218117 1 2 3 4 5 6 7 8 9 10 11 12 13 14 15 16 
755 215688 215699 17 
886 234787 234922 1 2 3 4 5 6 7 8 9 10 11 12 13 14 15 16 17 18 19 20 21 22 23 24 25 26 27 28 29 30 31 32 
746 234787 234876 33 34 35 36 37 38 39 40 41 42 43 44 45 46 47 48 49 50 51 52 53 54 55 56 57 58 59 60 61 62 63 64 
748 234787 234869 65 66 67 68 69 70 71 72 73 74 75 76 77 78 79 80 81 82 83 84 85 86 87 88 89 90 91 92 93 94 95 96 
891 235949 236134 1 2 3 4 5 6 7 8 9 10 11 12 13 14 15 16 17 18 19 20 21 22 23 24 25 26 27 28 29 30 31 32 
878 235949 236083 33 
887 235949 235966 34 35 36 37 38 39 40 41 42 43 44 45 46 47 48 49 50 51 52 53 54 55 56 57 58 59 60 61 62 63 64 65 
898 237093 237246 1 2 3 4 5 6 7 8 9 10 11 12 13 14 15 16 17 18 19 20 21 22 23 24 25 26 27 28 29 30 31 32 
907 237802 237945 1 2 3 4 5 6 7 8 9 10 11 12 13 14 15 16 17 18 19 20 21 22 23 24 25 26 27 28 29 30 31 32 
900 237802 237816 33 34 35 36 37 38 39 40 41 42 43 44 45 46 47 48 49 50 51 52 53 54 55 56 57 58 59 60 61 62 63 64 
889 237802 238049 65 66 67 68 69 70 71 72 73 74 75 76 77 78 79 80 81 82 83 84 85 86 87 88 89 90 91 92 93 94 95 96 
909 237947 237967 1 2 3 4 5 6 7 8 9 10 11 12 13 14 15 16 17 18 19 20 21 22 23 24 25 26 27 28 29 30 31 32 
770 237947 238143 33 34 35 36 37 38 39 40 41 42 43 44 45 46 47 48 
901 237947 237966 49 
920 239963 239980 1 2 3 4 5 6 7 8 9 10 11 12 13 14 15 16 17 18 19 20 21 22 23 24 25 26 27 28 29 30 31 32 
922 240190 240209 1 2 3 4 5 6 7 8 9 10 11 12 13 14 15 16 17 18 19 20 21 22 23 24 25 26 27 28 29 30 31 32 
908 240190 240204 33 
924 240319 240571 1 2 3 4 5 6 7 8 9 10 11 12 13 14 15 16 17 18 19 20 21 22 23 24 25 26 27 28 29 30 31 32 
933 241854 242089 1 2 3 4 5 6 7 8 9 10 11 12 13 14 15 16 17 18 19 20 21 22 23 24 25 26 27 28 29 30 31 32 
931 241854 242062 33 34 35 36 37 38 39 40 41 42 43 44 45 46 47 48 49 50 51 52 53 54 55 56 57 58 59 60 61 62 63 64 
938 242281 242453 1 2 3 4 5 6 7 8 9 10 11 12 13 14 15 16 17 18 19 20 21 22 23 24 25 26 27 28 29 30 31 32 
910 242281 242290 33 
942 243491 243788 1 2 3 4 5 6 7 8 9 10 11 12 13 14 15 16 17 18 19 20 21 22 23 24 25 26 27 28 29 30 31 32 
919 243491 243632 33 34 35 36 37 38 39 40 41 42 43 44 45 46 47 48 49 50 51 52 53 54 55 56 57 58 59 60 61 62 63 64 
998 253899 256936 1 2 3 4 5 6 7 8 9 10 11 12 13 14 15 16 17 18 19 20 21 22 23 24 25 26 27 28 29 30 31 32 33 34 35 36 37 38 39 40 41 42 43 44 45 46 47 48 49 50 51 52 53 54 55 56 57 58 59 60 61 62 63 64 65 66 67 68 69 70 71 72 73 74 75 76 77 78 79 80 81 82 83 84 85 86 87 88 89 90 91 92 93 94 95 96 97 98 99 100 101 102 103 104 105 106 107 108 109 110 111 112 113 114 115 116 117 118 119 120 121 122 123 124 125 126 127 128 
999 256940 266704 1 2 3 4 5 6 7 8 9 10 11 12 13 14 15 16 17 18 19 20 21 22 23 24 25 26 27 28 29 30 31 32 33 34 35 36 37 38 39 40 41 42 43 44 45 46 47 48 49 50 51 52 53 54 55 56 57 58 59 60 61 62 63 64 65 66 67 68 69 70 71 72 73 74 75 76 77 78 79 80 81 82 83 84 85 86 87 88 89 90 91 92 93 94 95 96 97 98 99 100 101 102 103 104 105 106 107 108 109 110 111 112 113 114 115 116 117 118 119 120 121 122 123 124 125 126 127 128 
950 266704 275793 1 2 3 4 5 6 7 8 9 10 11 12 13 14 15 16 17 18 19 20 21 22 23 24 25 26 27 28 29 30 31 32 
921 266704 266856 33 34 35 36 37 38 39 40 41 42 43 44 45 46 47 48 49 50 51 52 53 54 55 56 57 58 59 60 61 62 63 64 
1000 266709 275850 65 66 67 68 69 70 71 72 73 74 75 76 77 78 79 80 81 82 83 84 85 86 87 88 89 90 91 92 93 94 95 96 
1025 271998 272006 33 34 
1026 272013 272018 33 34 
1001 272013 273478 35 36 37 38 39 40 41 42 43 44 45 46 47 48 49 50 
1042 274132 274140 33 34 
1027 274132 274137 35 36 
1045 274462 274469 33 34 
1028 274462 274470 35 36 
1047 274676 274687 33 34 
1033 274676 274980 35 36 
1057 275933 275944 1 2 
1046 275933 275939 3 4 
1050 275933 275948 5 6 
1064 276685 276695 1 2 
1053 276685 276694 3 4 
1059 276685 276700 5 6 
1087 280995 281265 1 2 3 4 5 6 7 8 9 10 11 12 13 14 15 16 17 18 19 20 21 22 23 24 25 26 27 28 29 30 31 32 
1091 281405 282653 1 2 3 4 5 6 7 8 9 10 11 12 13 14 15 16 17 18 19 20 21 22 23 24 25 26 27 28 29 30 31 32 
1090 281405 281422 33 34 35 36 37 38 39 40 41 42 43 44 45 46 47 48 49 50 51 52 53 54 55 56 57 58 59 60 61 62 63 64 
1066 281405 281412 65 66 
1102 283065 283086 1 
1044 283065 283074 2 3 
1103 283113 283133 1 
1105 283435 283481 1 2 
1104 283435 283491 3 
1100 283435 288089 4 5 6 7 8 9 10 11 12 13 14 15 16 17 18 19 20 21 22 23 24 25 26 27 28 29 30 31 32 33 34 35 36 37 38 39 40 41 42 43 44 45 46 47 48 49 50 51 52 53 54 55 56 57 58 59 60 61 62 63 64 65 66 67 
1108 283678 283701 1 
1107 283678 283681 2 
1117 284828 284849 1 
1116 284828 284866 2 
1099 284828 284849 3 68 69 70 71 72 73 74 75 76 77 78 79 80 81 82 83 84 85 86 87 88 89 90 91 92 93 94 95 96 97 98 
1121 285276 285468 1 
1133 287317 287328 1 
1081 287317 287324 2 
1127 287317 287597 3 
1109 287317 287544 68 
1134 287597 288411 1 2 3 68 69 70 71 72 73 74 75 76 77 78 79 80 81 82 83 84 85 86 87 88 89 90 91 92 93 94 95 96 97 98 99 100 101 102 103 104 105 106 107 108 109 110 111 112 113 114 115 116 117 118 119 120 121 122 123 124 125 126 127 128 
1136 288141 289049 4 5 6 7 8 9 10 11 12 13 14 15 16 17 18 19 
1140 290368 290372 1 
1135 290368 290392 2 
1138 290368 299034 3 4 5 6 7 8 9 10 11 12 13 14 15 16 17 18 19 20 21 22 23 24 25 26 27 28 29 30 31 32 33 34 35 36 37 38 39 40 41 42 43 44 45 46 47 48 49 50 51 52 53 54 55 56 57 58 59 60 61 62 63 64 65 66 
1141 290405 290407 1 
1150 292914 293364 1 2 67 68 69 70 71 72 73 74 75 76 77 78 79 80 81 82 83 84 85 86 87 88 89 90 91 92 93 94 95 96 
1156 293478 293729 1 2 67 68 69 70 71 72 73 74 75 76 77 78 79 80 81 82 83 84 85 86 87 88 89 90 91 92 93 94 95 96 
1139 293478 293508 97 
1137 293478 293523 98 
1167 294976 295176 1 2 67 68 69 70 71 72 73 74 75 76 77 78 79 80 81 82 83 84 85 86 87 88 89 90 91 92 93 94 95 96 
1169 295588 295608 1 
1177 296629 297731 1 
1159 296629 296806 2 67 68 69 70 71 72 73 74 75 76 77 78 79 80 81 82 83 84 85 86 87 88 89 90 91 92 93 94 95 96 97 
1144 296629 296642 98 
1179 297123 297404 2 
1176 297123 297152 67 
1181 297211 297254 67 
1185 297408 297511 2 
1199 299481 299660 1 2 3 4 5 6 7 8 9 10 11 12 13 14 15 16 17 18 19 20 21 22 23 24 25 26 27 28 29 30 31 32 33 34 35 36 37 38 39 40 41 42 43 44 45 46 47 48 49 50 51 52 53 54 55 56 57 58 59 60 61 62 63 64 65 66 67 68 69 70 71 72 73 74 75 76 77 78 79 80 81 82 83 84 85 86 87 88 89 90 91 92 93 94 95 96 97 98 99 100 101 102 103 104 105 106 107 108 109 110 111 112 113 114 115 116 117 118 119 120 121 122 123 124 125 126 127 128 
1201 299684 299708 1 
1202 299687 299691 2 
1203 299745 304099 1 2 3 4 5 6 7 8 9 10 11 12 13 14 15 16 17 18 19 20 21 22 23 24 25 26 27 28 29 30 31 32 33 34 35 36 37 38 39 40 41 42 43 44 45 46 47 48 49 50 51 52 53 54 55 56 57 58 59 60 61 62 63 64 
1190 299745 299769 65 
1204 299753 299764 66 67 68 69 
1193 299753 299778 70 71 72 73 
1191 299753 299777 74 75 76 77 78 79 80 81 82 83 84 85 86 87 88 89 90 91 92 93 94 95 96 97 98 99 100 101 102 103 104 105 
1208 300099 300107 65 
1206 300099 300117 66 67 68 69 70 71 72 73 74 75 76 77 78 79 80 81 
1211 300458 304922 65 66 67 68 69 70 71 72 73 74 75 76 77 78 79 80 81 82 83 84 85 86 87 88 89 90 91 92 93 94 95 96 
1213 300919 301029 97 98 99 100 101 102 103 104 105 106 107 108 109 110 111 112 113 114 115 116 117 118 119 120 121 122 123 124 125 126 127 128 
1183 301029 301053 97 
1216 301261 301271 97 98 99 100 
1205 301261 301275 101 102 103 104 105 106 107 108 
1210 301275 301391 97 98 99 100 101 102 103 104 105 106 107 108 109 110 111 112 113 114 115 116 117 118 119 120 121 122 123 124 125 126 127 128 
1218 301391 301397 97 
1215 301397 301486 97 98 99 100 101 102 103 104 105 106 107 108 109 110 111 112 113 114 115 116 117 118 119 120 121 122 123 124 125 126 127 128 
1207 301486 301491 97 
1221 301742 301782 97 98 99 100 101 102 103 104 
1219 301742 301753 105 106 107 108 109 110 111 112 
1222 301838 301862 97 98 
1227 302686 304285 97 98 99 100 101 102 103 104 105 106 107 108 109 110 111 112 113 114 115 116 117 118 119 120 121 122 123 124 125 126 127 128 
1217 304099 304109 1 2 3 4 5 6 7 8 
1224 304099 304123 9 10 
1223 304099 304106 11 
1228 304107 304129 11 
1226 304107 304320 12 13 14 15 16 17 18 19 20 21 22 23 24 25 26 27 28 29 30 31 32 33 34 35 36 37 38 39 40 41 42 43 
1236 305146 305373 1 2 3 4 5 6 7 8 9 10 11 12 13 14 15 16 17 18 19 20 21 22 23 24 25 26 27 28 29 30 31 32 
1241 305375 305399 1 
1229 305375 305587 2 3 4 5 6 7 8 9 10 11 12 13 14 15 16 17 18 19 20 21 22 23 24 25 26 27 28 29 30 31 32 33 
1246 306123 306464 1 2 3 4 5 6 7 8 9 10 11 12 13 14 15 16 17 18 19 20 21 22 23 24 25 26 27 28 29 30 31 32 33 34 35 36 37 38 39 40 41 42 43 44 45 46 47 48 49 50 51 52 53 54 55 56 57 58 59 60 61 62 63 64 
1242 306123 306233 65 66 67 68 
1235 306123 306152 69 
1253 306807 306810 1 
1254 306911 306976 1 
1255 306992 306997 1 
1258 307123 307283 1 
1245 307123 307144 2 
1256 307123 307181 3 4 5 6 7 8 9 10 
1261 307319 307329 1 
1260 307319 307322 2 
1263 307372 307393 1 2 
1264 307403 307597 1 
1257 307403 307410 2 
1266 307432 307460 2 3 4 5 6 7 8 9 
1265 307432 307510 10 11 12 13 14 15 16 17 18 19 20 21 22 23 24 25 
1243 307432 309919 26 27 
1269 307572 307636 2 3 4 5 6 7 8 9 
1270 307579 307752 10 11 12 13 14 15 16 17 18 19 20 21 22 23 24 25 28 29 30 31 32 33 34 35 36 37 38 39 40 41 42 43 44 45 46 47 48 49 50 51 52 53 54 55 56 57 58 59 60 61 62 63 64 65 66 67 68 69 70 71 72 73 74 75 
1268 307579 307700 76 77 78 79 80 81 82 83 84 85 86 87 88 89 90 91 92 93 94 95 96 97 98 99 100 101 102 103 104 105 106 107 
1273 307750 307793 1 2 3 4 5 6 7 8 9 76 77 78 79 80 81 82 83 84 85 86 87 88 89 90 91 92 93 94 95 96 97 98 
1274 307963 308144 1 2 3 4 
1271 307963 308146 5 
1280 308184 308211 1 
1277 308184 308420 2 3 
1262 308184 308216 4 
1286 308847 309095 1 2 3 4 5 6 7 8 
1295 310903 310931 1 
1267 310903 310940 2 3 4 5 6 7 8 9 
1275 310903 311065 10 11 
1303 311872 312147 1 2 
1284 311872 312089 3 4 5 6 
1302 311872 312051 7 
1306 312238 312508 1 2 3 4 5 6 7 8 
1281 312238 312278 9 
1309 312472 312711 9 10 11 12 
1307 312472 312819 13 14 15 16 17 18 19 20 21 22 23 24 25 26 27 28 
1319 313844 313875 1 
1320 313898 314196 1 2 3 4 5 6 7 8 9 10 11 12 13 14 15 16 
1311 313898 314117 17 18 
1323 313950 313993 19 
1314 313950 314403 20 21 22 23 24 25 26 27 28 29 30 31 32 33 34 35 36 37 38 39 40 41 42 43 44 45 46 47 48 49 50 51 
1324 313997 314026 19 52 53 54 
1321 313997 314020 55 56 
1328 314079 314101 19 52 53 54 55 56 57 58 
1304 314079 314361 59 60 61 62 
1332 314161 314169 17 
1331 314161 314189 18 19 52 53 54 55 56 57 58 63 64 65 66 67 68 69 
1334 314255 314292 1 2 3 4 5 6 7 8 9 10 11 12 13 14 15 16 
1329 314255 314934 17 18 
1316 314255 323260 19 52 53 54 55 56 57 58 
1336 314336 314361 1 2 3 4 5 6 7 8 9 10 11 12 13 14 15 16 63 64 65 66 67 68 69 70 71 72 73 74 75 76 77 78 
1339 315069 315111 1 
1341 315206 315823 1 2 3 4 
1327 315206 315912 5 6 7 8 
1348 315975 316192 1 2 3 4 5 6 7 8 9 10 11 12 13 14 15 16 17 18 20 21 22 23 24 25 26 27 28 29 30 31 32 33 
1351 316747 316983 1 2 3 4 5 6 7 8 9 10 11 12 13 14 15 16 17 18 20 21 22 23 24 25 26 27 28 29 30 31 32 33 34 35 36 37 38 39 40 41 42 43 44 45 46 47 48 49 50 51 59 60 61 62 63 64 65 66 67 68 69 70 71 72 
1333 316747 316778 73 
1338 316747 316782 74 
1350 316983 317220 1 2 3 4 5 6 7 8 9 10 11 12 13 14 15 16 17 18 20 21 22 23 24 25 26 27 28 29 30 31 32 33 34 35 36 37 38 39 40 41 42 43 44 45 46 47 48 49 50 51 59 60 61 62 63 64 65 66 67 68 69 70 71 72 
1355 319284 319391 1 2 3 4 
1342 319284 319882 5 6 
1353 319284 319509 7 8 9 10 11 12 13 14 15 16 17 18 20 21 22 23 24 25 26 27 28 29 30 31 32 33 34 35 36 37 38 39 40 41 42 43 44 45 46 47 48 49 50 51 59 60 61 62 63 64 65 66 67 68 69 70 71 72 73 74 75 76 77 78 
1354 319284 319293 79 
1356 319404 320405 1 
1357 319586 322512 2 3 4 7 8 9 10 11 12 13 14 15 16 17 18 20 21 22 23 24 25 26 27 28 29 30 31 32 33 34 35 36 37 38 39 40 41 42 43 44 45 46 47 48 49 50 51 59 60 61 62 63 64 65 66 67 68 69 70 71 72 73 74 75 
1361 320751 320764 1 
1358 320751 320782 5 6 
1362 322153 322166 1 5 
1363 322260 322292 1 5 
1352 322260 322289 6 
1366 322412 322416 1 
1359 322412 322430 5 6 
1360 322412 322424 76 
1364 322412 322423 77 
1367 322514 322525 1 
1371 322801 322817 1 2 
1370 322801 322831 3 4 
1365 322801 322820 5 6 
1373 323478 323492 1 2 
1368 323478 325005 3 4 5 6 7 8 9 10 11 12 13 14 15 16 17 18 19 20 21 22 23 24 25 26 27 28 29 30 31 32 33 34 35 36 37 38 39 40 41 42 43 44 45 46 47 48 49 50 51 52 53 54 55 56 57 58 59 60 61 62 63 64 65 66 
1374 323510 323530 1 2 
1369 323510 323518 67 
1378 324210 328975 1 2 67 68 69 70 71 72 73 74 75 76 77 78 79 80 81 82 83 84 85 86 87 88 89 90 91 92 93 94 95 96 97 98 99 100 101 102 103 104 105 106 107 108 109 110 111 112 113 114 115 116 117 118 119 120 121 122 123 124 125 126 127 128 
1372 325005 325043 3 4 
1377 325005 325021 5 6 
1380 325005 325022 7 
1375 325005 325010 8 
1381 325005 325026 9 10 
1376 325005 325015 11 
1382 325005 325031 12 13 
1386 330336 330361 1 
1387 330393 330483 1 
1388 330516 330555 1 2 3 4 5 6 7 8 9 10 11 12 13 14 15 16 
1384 330516 330621 17 18 19 20 21 22 23 24 25 26 27 28 29 30 31 32 
1379 330516 330544 33 34 
1385 330516 330539 35 
1392 331206 337746 1 2 3 4 5 6 7 8 9 10 11 12 13 14 15 16 17 18 19 20 21 22 23 24 25 26 27 28 29 30 31 32 33 34 35 36 37 38 39 40 41 42 43 44 45 46 47 48 49 50 51 52 53 54 55 56 57 58 59 60 61 62 63 64 
1383 331206 331217 65 
1390 331206 331252 66 67 68 69 70 71 72 73 74 75 76 77 78 79 80 81 
1393 331334 331772 65 66 67 68 69 70 71 72 73 74 75 76 77 78 79 80 
1391 331334 331556 81 82 83 84 85 86 87 88 89 90 91 92 93 94 95 96 
1395 332618 332626 65 66 
1389 332618 332647 67 68 69 70 71 72 73 74 75 76 77 78 79 80 81 82 
1397 332660 333280 65 66 
1399 333209 333217 67 68 
1394 333209 335921 69 70 71 72 73 74 75 76 77 78 79 80 81 82 83 84 85 86 87 88 89 90 91 92 93 94 95 96 97 98 99 100 
1396 333209 333849 101 102 103 104 
1403 334688 337061 65 66 67 68 101 102 103 104 105 106 107 108 109 110 111 112 
1401 334688 335241 113 114 115 116 
1400 334688 334698 117 118 
1398 334688 334697 119 120 
1411 350360 351186 1 2 3 4 
1409 350360 350406 5 
1408 350360 361286 6 7 8 9 10 11 12 13 14 15 16 17 18 19 20 21 22 23 24 25 26 27 28 29 30 31 32 33 34 35 36 37 38 39 40 41 42 43 44 45 46 47 48 49 50 51 52 53 54 55 56 57 58 59 60 61 62 63 64 65 66 67 68 69 
1413 350381 351189 70 71 
1589 369203 369213 1 
1533 369203 372925 2 3 4 5 6 7 8 9 10 11 12 13 14 15 16 17 18 19 20 21 22 23 24 25 26 27 28 29 30 31 32 33 
1590 369323 369596 1 34 35 36 37 38 39 40 41 42 43 44 45 46 47 48 49 50 51 52 53 54 55 56 57 58 59 60 61 62 63 64 65 66 67 68 69 70 71 72 73 74 75 76 77 78 79 80 81 82 83 84 85 86 87 88 89 90 91 92 93 94 95 96 
1593 369600 369631 1 34 35 36 37 38 39 40 41 42 43 44 45 46 47 48 49 50 51 52 53 54 55 56 57 58 59 60 61 62 63 64 65 66 67 68 69 70 71 72 73 74 75 76 77 78 79 80 81 82 83 84 85 86 87 88 89 90 91 92 93 94 95 96 
1402 369600 370133 97 98 
1596 369729 370006 1 34 35 36 37 38 39 40 41 42 43 44 45 46 47 48 49 50 51 52 53 54 55 56 57 58 59 60 61 62 63 64 65 66 67 68 69 70 71 72 73 74 75 76 77 78 79 80 81 82 83 84 85 86 87 88 89 90 91 92 93 94 95 96 
1404 369729 369738 99 
1595 369729 369746 100 
1603 370012 370063 1 34 35 36 37 38 39 40 41 42 43 44 45 46 47 48 49 50 51 52 53 54 55 56 57 58 59 60 61 62 63 64 65 66 67 68 69 70 71 72 73 74 75 76 77 78 79 80 81 82 83 84 85 86 87 88 89 90 91 92 93 94 95 96 
1594 370012 370027 99 
1610 370220 371037 1 34 35 36 37 38 39 40 41 42 43 44 45 46 47 48 49 50 51 52 53 54 55 56 57 58 59 60 61 62 63 64 65 66 67 68 69 70 71 72 73 74 75 76 77 78 79 80 81 82 83 84 85 86 87 88 89 90 91 92 93 94 95 96 
1604 370220 370232 97 
1644 374014 374061 1 2 3 4 5 6 7 8 
1648 374233 374238 1 
1614 374233 377980 2 3 4 5 6 7 8 9 10 11 12 13 14 15 16 17 18 19 20 21 22 23 24 25 26 27 28 29 30 31 32 33 34 35 36 37 38 39 40 41 42 43 44 45 46 47 48 49 50 51 52 53 54 55 56 57 58 59 60 61 62 63 64 65 
1605 374233 374251 66 
1643 374233 374264 67 68 69 70 
1656 375042 377349 1 66 67 68 69 70 71 72 73 74 75 76 77 78 79 80 81 82 83 84 85 86 87 88 89 90 91 92 93 94 95 96 97 98 99 100 101 102 103 104 105 106 107 108 109 110 111 112 113 114 115 116 117 118 119 120 121 122 123 124 125 126 127 128 
1649 377349 377353 1 
1661 377349 379306 66 
1674 377980 380260 1 2 3 4 5 6 7 8 9 10 11 12 13 14 15 16 17 18 19 20 21 22 23 24 25 26 27 28 29 30 31 32 33 34 35 36 37 38 39 40 41 42 43 44 45 46 47 48 49 50 51 52 53 54 55 56 57 58 59 60 61 62 63 64 
1673 377980 377990 65 
1685 379294 380543 65 67 68 69 70 71 72 73 74 75 76 77 78 79 80 81 82 83 84 85 86 87 88 89 90 91 92 93 94 95 96 97 
1664 379294 379305 98 
1666 379294 381718 99 100 101 102 103 104 105 106 107 108 109 110 111 112 113 114 
1689 380260 381470 1 2 3 4 5 6 7 8 9 10 11 12 13 14 15 16 17 18 19 20 21 22 23 24 25 26 27 28 29 30 31 32 33 34 35 36 37 38 39 40 41 42 43 44 45 46 47 48 49 50 51 52 53 54 55 56 57 58 59 60 61 62 63 64 
1678 380260 380272 66 
1688 380260 380270 98 
1686 380260 380300 115 116 
1697 380353 380359 66 
1675 380353 380514 98 115 116 117 118 119 120 121 
1690 380353 380411 122 123 
1695 380353 380560 124 125 126 127 
1702 380903 380917 65 
1698 380903 381142 66 67 68 69 70 71 72 73 74 75 76 77 78 79 80 81 82 83 84 85 86 87 88 89 90 91 92 93 94 95 96 97 
1706 381368 381505 65 66 67 68 69 70 71 72 73 74 75 76 77 78 79 80 
1704 381368 381390 81 
1707 381472 385072 1 2 3 4 5 6 7 8 9 10 11 12 13 14 15 16 17 18 19 20 21 22 23 24 25 26 27 28 29 30 31 32 
1714 382149 382154 33 
1709 382149 382181 34 
1718 382779 387085 33 34 35 36 
1700 382779 384712 37 38 39 40 
1703 382779 387220 41 42 43 44 45 46 47 48 49 50 51 52 53 54 55 56 57 58 59 60 61 62 63 64 65 66 67 68 69 70 71 72 
1716 382779 382806 73 
1699 382779 384787 74 75 76 77 78 79 80 81 82 83 84 85 86 87 88 89 90 91 92 93 94 95 96 97 98 99 100 101 102 103 104 105 
1720 384787 384790 37 38 39 40 73 74 75 76 77 78 79 80 81 82 83 84 85 86 87 88 89 90 91 92 93 94 95 96 97 98 99 100 
1719 384787 389071 101 102 
1729 384787 384801 103 
1735 384787 384826 104 105 106 107 108 109 110 111 112 113 114 115 116 117 118 119 
1726 384787 384803 120 
1738 385295 387085 1 2 3 4 
1721 385295 385313 5 
1730 385295 385347 6 7 8 9 10 11 12 13 14 15 16 17 18 19 20 21 
1731 385295 385379 22 23 24 25 26 27 28 29 30 31 32 37 38 39 40 73 
1740 385395 385455 5 6 7 8 9 10 11 12 13 14 15 16 17 18 19 20 
1744 385726 385731 5 6 7 8 9 10 11 12 13 14 15 16 17 18 19 20 
1741 385726 385790 21 22 23 24 25 26 27 28 29 30 31 32 37 38 39 40 
1743 385726 385796 73 74 75 76 77 78 79 80 81 82 83 84 85 86 87 88 
1745 385734 385891 5 6 7 8 9 10 11 12 13 14 15 16 17 18 19 20 
1747 385897 385950 5 6 7 8 9 10 11 12 13 14 15 16 17 18 19 20 
1742 385897 387429 21 22 23 24 25 26 27 28 29 30 31 32 37 38 39 40 73 74 75 76 77 78 79 80 81 82 83 84 85 86 87 88 
1737 385897 387756 89 90 91 92 93 94 95 96 97 98 99 100 103 104 105 106 107 108 109 110 111 112 113 114 115 116 117 118 119 120 121 122 
1757 389071 389250 1 2 3 4 5 6 7 8 9 10 11 12 13 14 15 16 17 18 19 20 21 22 23 24 25 26 27 28 29 30 31 32 33 34 35 36 37 38 39 40 41 42 43 44 45 46 47 48 49 50 51 52 53 54 55 56 57 58 59 60 61 62 63 64 65 66 67 68 69 70 71 72 73 74 75 76 77 78 79 80 81 82 83 84 85 86 87 88 89 90 91 92 93 94 95 96 97 98 99 100 101 102 103 104 105 106 107 108 109 110 111 112 113 114 115 116 117 118 119 120 121 122 123 124 125 126 127 128 
1759 389250 389267 1 
1748 389250 389342 2 3 4 5 6 7 8 9 10 11 12 13 14 15 16 17 
1762 389250 389357 18 19 20 21 22 23 24 25 26 27 28 29 30 31 32 33 34 35 36 37 38 39 40 41 42 43 44 45 46 47 48 49 
1763 389250 389266 50 
1764 389250 389282 51 52 53 54 
1765 389250 389516 55 56 57 58 59 60 61 62 63 64 65 66 67 68 69 70 71 72 73 74 75 76 77 78 79 80 81 82 83 84 85 86 
1758 389250 389542 87 88 89 90 91 92 93 94 95 96 97 98 99 100 101 102 103 104 105 106 107 108 109 110 111 112 113 114 115 116 117 118 
1767 389250 389256 119 
1760 389250 389481 120 121 122 123 
1749 389342 389427 1 2 3 4 5 6 7 8 9 10 11 12 13 14 15 16 
1771 389357 389578 17 18 19 20 21 22 23 24 25 26 27 28 29 30 31 32 33 34 35 36 37 38 39 40 41 42 43 44 45 46 47 48 
1772 389357 389388 49 50 51 52 
1766 389357 389562 53 54 119 124 
1770 389516 389609 1 2 3 4 5 6 7 8 9 10 11 12 13 14 15 16 49 50 51 52 55 56 57 58 59 60 61 62 63 64 65 66 
1756 389516 389679 67 68 69 70 71 72 73 74 75 76 77 78 79 80 81 82 
1781 389516 389520 83 
1768 389542 393144 83 84 85 86 87 88 89 90 91 92 93 94 95 96 97 98 99 100 101 102 103 104 105 106 107 108 109 110 111 112 113 114 
1776 389542 389938 115 116 117 118 
1783 389765 389870 1 2 3 4 5 6 7 8 9 10 11 12 13 14 15 16 17 18 19 20 21 22 23 24 25 26 27 28 29 30 31 32 33 34 35 36 37 38 39 40 41 42 43 44 45 46 47 48 49 50 51 52 53 54 55 56 57 58 59 60 61 62 63 64 
1782 389765 389773 65 
1786 389903 390343 1 2 3 4 
1773 389903 389911 5 
1785 389903 390400 6 7 8 9 10 11 12 13 14 15 16 17 18 19 20 21 22 23 24 25 26 27 28 29 30 31 32 33 34 35 36 37 
1774 389903 390355 38 39 40 41 42 43 44 45 46 47 48 49 50 51 52 53 54 55 56 57 58 59 60 61 62 63 64 65 66 67 68 69 
1789 390150 390179 5 70 
1787 390150 390181 71 
1791 390285 390333 5 70 71 72 
1788 390285 390344 73 74 75 76 
1794 390392 390439 1 2 3 4 
1800 390755 392395 1 2 
1792 390755 390807 3 
1793 390755 390781 4 5 
1795 390755 390781 6 7 
1803 391147 391198 3 
1808 392017 396445 3 4 5 6 7 8 9 10 11 12 13 14 15 16 17 18 19 20 21 22 23 24 25 26 27 28 29 30 31 32 33 34 
1806 392017 392045 35 36 37 38 39 40 41 42 43 44 45 46 47 48 49 50 51 52 53 54 55 56 57 58 59 60 61 62 63 64 65 66 
1815 392403 393048 1 2 35 36 
1809 392403 392432 37 
1818 392718 392746 37 
1816 392718 396280 38 39 40 41 42 43 44 45 46 47 48 49 50 51 52 53 54 55 56 57 58 59 60 61 62 63 64 65 66 67 68 69 
1817 392718 393342 70 71 
1807 393144 393173 1 2 35 36 37 72 73 74 75 76 77 78 79 80 81 82 83 84 85 86 87 88 89 90 91 92 93 94 95 96 97 98 
1799 393144 394805 99 100 101 102 
1821 393144 396102 103 104 105 106 
1831 394601 394630 1 
1837 395554 395600 1 2 
1829 395554 395589 35 
1819 395554 395582 36 
1839 395559 395601 37 70 
1840 395650 395679 1 
1822 395650 398578 2 35 
1838 395650 395695 36 37 
1846 396021 396042 1 
1836 396021 396054 36 
1841 396021 396045 37 
1847 396094 401343 1 36 37 70 
1842 396094 396131 71 
1852 396488 396530 3 4 
1853 396621 396676 3 4 5 6 
1844 396621 396666 7 
1854 396759 396780 3 4 5 6 7 8 9 10 
1857 396979 397000 3 4 5 6 7 8 9 10 
1848 396979 400578 11 12 13 14 15 16 17 18 19 20 21 22 23 24 25 26 27 28 29 30 31 32 33 34 38 39 40 41 42 43 44 45 
1850 396979 397033 46 
1849 396979 402205 47 48 
1866 397715 402132 3 4 5 6 7 8 9 10 46 49 50 51 52 53 54 55 56 57 58 59 60 61 62 63 64 65 66 67 68 69 71 72 
1867 397821 397842 73 74 75 76 77 78 79 80 
1860 397821 397941 81 82 83 84 85 86 87 88 
1865 397821 397842 89 90 91 92 93 94 95 96 97 98 99 100 101 102 103 104 105 106 107 108 109 110 111 112 113 114 115 116 117 118 119 120 
1871 398169 398197 73 74 75 76 77 78 79 80 81 82 83 84 85 86 87 88 89 90 91 92 93 94 95 96 97 98 99 100 101 102 103 104 
1872 398274 398295 73 74 75 76 77 78 79 80 81 82 83 84 85 86 87 88 89 90 91 92 93 94 95 96 97 98 99 100 101 102 103 104 
1870 398295 398324 73 74 75 76 77 78 79 80 81 82 83 84 85 86 87 88 89 90 91 92 93 94 95 96 97 98 99 100 101 102 103 104 
1864 398295 398462 105 106 107 108 109 110 111 112 113 114 115 116 117 118 119 120 
1875 398436 398457 73 74 75 76 77 78 79 80 81 82 83 84 85 86 87 88 89 90 91 92 93 94 95 96 97 98 99 100 101 102 103 104 
1873 398457 398478 73 74 75 76 77 78 79 80 81 82 83 84 85 86 87 88 89 90 91 92 93 94 95 96 97 98 99 100 101 102 103 104 
1876 398574 398595 73 74 75 76 77 78 79 80 81 82 83 84 85 86 87 88 89 90 91 92 93 94 95 96 97 98 99 100 101 102 103 104 
1881 398870 399157 2 35 73 74 75 76 77 78 79 80 81 82 83 84 85 86 87 88 89 90 91 92 93 94 95 96 97 98 99 100 101 102 
1856 398870 398891 103 104 105 106 107 108 109 110 
1888 399803 403333 2 35 73 74 75 76 77 78 79 80 81 82 83 84 85 86 87 88 89 90 91 92 93 94 95 96 97 98 99 100 101 102 
1886 399803 399827 103 
1869 399803 400076 104 105 106 107 108 109 110 111 
1891 400223 400256 103 104 105 106 107 108 109 110 111 112 113 114 115 116 117 118 
1894 400534 400560 103 104 105 106 107 108 109 110 111 112 113 114 115 116 117 118 
1889 400560 400594 103 104 105 106 107 108 109 110 111 112 113 114 115 116 117 118 
1903 401320 401349 11 12 13 14 15 16 17 18 
1882 401320 416336 19 20 21 22 23 24 25 26 
1912 402165 402385 1 3 4 5 6 7 8 9 10 11 12 13 14 15 16 17 18 27 28 29 30 31 32 33 34 36 37 38 39 40 41 42 
1911 402165 402393 43 44 45 46 49 50 51 52 53 54 55 56 57 58 59 60 61 62 63 64 65 66 67 68 69 70 71 72 103 104 105 106 
1904 402165 403517 107 
1900 402165 402191 108 109 110 111 112 113 114 115 116 117 118 119 120 121 122 123 
1922 403906 406341 1 2 3 4 5 6 7 8 9 10 11 12 13 14 15 16 17 18 27 28 29 30 31 32 33 34 35 36 37 38 39 40 
1932 405950 405965 41 
1938 406246 406310 41 42 
1920 406246 406771 43 44 45 46 47 48 49 50 51 52 53 54 55 56 57 58 59 60 61 62 63 64 65 66 67 68 69 70 71 72 73 74 
1906 406246 406258 75 76 77 78 79 80 81 82 
1937 406246 406313 83 84 
1930 406341 406501 1 2 3 4 5 6 7 8 9 10 11 12 13 14 15 16 17 18 27 28 29 30 31 32 33 34 35 36 37 38 39 40 41 42 75 76 77 78 79 80 81 82 83 84 85 86 87 88 89 90 91 92 93 94 95 96 97 98 99 100 101 102 103 104 
1943 407431 407446 1 
1940 407431 407486 2 3 
1939 407431 407487 4 5 
1942 407431 407439 6 7 8 9 10 11 12 13 
1948 408420 409840 1 2 3 4 
1941 408420 411944 5 6 7 8 9 10 11 12 13 14 15 16 17 18 27 28 29 30 31 32 33 34 35 36 37 38 39 40 41 42 43 44 
1949 408445 409844 45 46 
1944 408445 408457 47 48 49 50 51 52 53 54 
1945 408445 408452 55 56 57 58 59 60 61 62 
1955 409624 409640 47 48 
1962 410699 410712 1 
1954 410699 410723 2 3 
1972 412542 412568 1 2 3 4 5 6 7 8 9 10 11 12 13 14 15 16 17 18 27 28 29 30 31 32 33 34 35 36 37 38 39 40 
1952 412542 412570 41 42 
1953 412542 412568 43 44 
1946 412542 412595 45 
1969 412542 416064 46 47 48 49 50 51 52 53 54 55 56 57 58 59 60 61 62 63 64 65 66 67 68 69 70 71 72 73 74 75 76 77 78 79 80 81 82 83 84 85 86 87 88 89 90 91 92 93 94 95 96 97 98 99 100 101 102 103 104 105 106 107 108 109 
1981 413286 413311 1 
1975 413286 413609 2 3 4 5 6 7 8 9 10 11 12 13 14 15 16 17 18 27 28 29 30 31 32 33 34 35 36 37 38 39 40 41 
1983 413387 413401 1 
1980 413387 413679 42 43 44 45 
1985 413441 413463 1 
1976 413441 413699 110 111 112 113 
1979 413609 413967 1 2 3 4 5 6 7 8 9 10 11 12 13 14 15 16 17 18 27 28 29 30 31 32 33 34 35 36 37 38 39 40 
1986 413609 413621 41 
1982 413609 413620 114 
1999 416064 417141 1 2 3 4 5 6 7 8 9 10 11 12 13 14 15 16 17 18 27 28 29 30 31 32 33 34 35 36 37 38 39 40 41 42 43 44 45 46 47 48 49 50 51 52 53 54 55 56 57 58 59 60 61 62 63 64 65 66 67 68 69 70 71 72 
1988 416064 416075 73 
1987 416064 416078 74 
2013 417606 428530 1 2 3 4 5 6 7 8 9 10 11 12 13 14 15 16 
2006 417606 417615 17 
2043 423641 428540 17 18 19 20 
1991 423641 423661 21 
2065 431363 442283 1 2 3 4 5 6 7 8 9 10 11 12 13 14 15 16 17 18 19 20 21 22 23 24 25 26 27 28 29 30 31 32 33 34 35 36 37 38 39 40 41 42 43 44 45 46 47 48 49 50 51 52 53 54 55 56 57 58 59 60 61 62 63 64 65 66 67 68 69 70 71 72 73 74 75 76 77 78 79 80 81 82 83 84 85 86 87 88 89 90 91 92 93 94 95 96 97 98 99 100 101 102 103 104 105 106 107 108 109 110 111 112 113 114 115 116 117 118 119 120 121 122 123 124 125 126 127 128 
2014 442283 451705 1 2 3 4 5 6 7 8 9 10 11 12 13 14 15 16 17 18 19 20 21 22 23 24 25 26 27 28 29 30 31 32 33 34 35 36 37 38 39 40 41 42 43 44 45 46 47 48 49 50 51 52 53 54 55 56 57 58 59 60 61 62 63 64 
2174 454510 463855 1 2 3 4 5 6 7 8 9 10 11 12 13 14 15 16 17 18 19 20 21 22 23 24 25 26 27 28 29 30 31 32 33 34 35 36 37 38 39 40 41 42 43 44 45 46 47 48 49 50 51 52 53 54 55 56 57 58 59 60 61 62 63 64 
2044 454510 459383 65 66 
2222 459702 459707 65 
1989 459702 459718 66 
2223 459949 459967 65 
2173 459949 459960 66 
2211 459949 462547 67 68 69 70 71 72 73 74 75 76 77 78 79 80 81 82 
2230 460770 460775 65 
2224 460770 460771 66 
2232 461787 461969 65 66 83 84 85 86 87 88 89 90 91 92 93 94 95 96 
2234 461983 462024 65 66 83 84 85 86 87 88 
2235 462137 462138 65 
2228 462137 462149 66 
2231 462137 462141 83 
2236 462153 462197 65 
2239 462457 462510 65 66 83 84 
2233 462457 462462 85 
2241 462702 462713 65 
2225 462702 462760 66 
2245 463860 463886 1 2 3 4 5 6 7 8 9 10 11 12 13 14 15 16 17 18 19 20 21 22 23 24 25 26 27 28 29 30 31 32 33 34 35 36 37 38 39 40 41 42 43 44 45 46 47 48 49 50 51 52 53 54 55 56 57 58 59 60 61 62 63 64 
2246 463904 463917 1 
2237 463904 463924 2 3 4 5 
2253 464702 464718 1 
2238 464702 464723 2 3 4 5 
2255 464956 464985 1 2 3 4 5 6 7 8 9 10 11 12 13 14 15 16 
2247 464956 466043 17 18 19 20 21 22 23 24 25 26 27 28 29 30 31 32 33 34 35 36 37 38 39 40 41 42 43 44 45 46 47 48 49 50 51 52 53 54 55 56 57 58 59 60 61 62 63 64 65 66 67 68 69 70 71 72 73 74 75 76 77 78 79 80 
2240 464956 468687 81 82 83 84 
2244 464956 464992 85 
2257 465042 465075 1 2 3 4 5 6 7 8 
2262 465480 466505 1 2 3 4 5 6 7 8 9 10 11 12 13 14 15 16 
2256 466043 466076 17 18 19 20 21 22 23 24 25 26 27 28 29 30 31 32 33 34 35 36 37 38 39 40 41 42 43 44 45 46 47 48 49 50 51 52 53 54 55 56 57 58 59 60 61 62 63 64 65 66 67 68 69 70 71 72 73 74 75 76 77 78 79 80 
2258 466043 466100 85 86 87 88 89 90 91 92 93 94 95 96 97 98 99 100 
2260 466076 466390 17 18 19 20 21 22 23 24 25 26 27 28 29 30 31 32 33 34 35 36 37 38 39 40 41 42 43 44 45 46 47 48 49 50 51 52 53 54 55 56 57 58 59 60 61 62 63 64 65 66 67 68 69 70 71 72 73 74 75 76 77 78 79 80 
2264 466390 467550 17 18 19 20 21 22 23 24 25 26 27 28 29 30 31 32 33 34 35 36 37 38 39 40 41 42 43 44 45 46 47 48 49 50 51 52 53 54 55 56 57 58 59 60 61 62 63 64 65 66 67 68 69 70 71 72 73 74 75 76 77 78 79 80 
2267 466390 466425 85 
2271 466390 466455 86 87 88 89 90 91 92 93 94 95 96 97 98 99 100 101 
2261 466390 466399 102 
2275 466455 466693 85 86 87 88 89 90 91 92 93 94 95 96 97 98 99 100 101 102 103 104 105 106 107 108 109 110 111 112 113 114 115 116 
2265 466455 466463 117 
2263 466455 466460 118 
2279 466693 466824 1 2 3 4 5 6 7 8 9 10 11 12 13 14 15 16 85 86 87 88 89 90 91 92 93 94 95 96 97 98 99 100 
2268 466693 466754 101 102 103 104 105 106 107 108 109 110 111 112 113 114 115 116 
2274 466824 466876 1 2 3 4 5 6 7 8 9 10 11 12 13 14 15 16 85 86 87 88 89 90 91 92 93 94 95 96 97 98 99 100 
2283 466836 466852 101 
2282 467550 467589 1 2 3 4 5 6 7 8 9 10 11 12 13 14 15 16 17 18 19 20 21 22 23 24 25 26 27 28 29 30 31 32 33 34 35 36 37 38 39 40 41 42 43 44 45 46 47 48 49 50 51 52 53 54 55 56 57 58 59 60 61 62 63 64 
2278 467550 468062 65 66 67 68 69 70 71 72 73 74 75 76 77 78 79 80 
2281 467550 467874 85 86 87 88 89 90 91 92 93 94 95 96 97 98 99 100 101 102 103 104 105 106 107 108 109 110 111 112 113 114 115 116 
2277 467550 467556 117 
2285 467550 467575 118 119 
2284 467589 467869 1 2 3 4 5 6 7 8 9 10 11 12 13 14 15 16 17 18 19 20 21 22 23 24 25 26 27 28 29 30 31 32 
2287 467589 468346 33 34 
2297 468161 468886 1 2 
2292 468161 468408 3 4 5 6 7 8 9 10 11 12 13 14 15 16 17 18 19 20 21 22 23 24 25 26 27 28 29 30 31 32 35 36 
2301 468852 468857 3 
2299 468852 468855 4 
2296 468852 468881 5 6 
2295 468852 468982 7 8 
2309 469821 470238 1 2 3 4 5 6 7 8 9 10 11 12 13 14 15 16 17 18 19 20 21 22 23 24 25 26 27 28 29 30 31 32 33 34 35 36 37 38 39 40 41 42 43 44 45 46 47 48 49 50 51 52 53 54 55 56 57 58 59 60 61 62 63 64 
2302 469821 469824 65 
2307 469824 470269 65 66 67 68 69 70 71 72 73 74 75 76 77 78 79 80 81 82 83 84 85 86 87 88 89 90 91 92 93 94 95 96 97 98 99 100 101 102 103 104 105 106 107 108 109 110 111 112 113 114 115 116 117 118 119 120 121 122 123 124 125 126 127 128 
2314 470532 470584 1 2 3 4 5 6 7 8 
2312 470532 470537 9 
2286 470532 470762 10 11 12 13 14 15 16 17 18 19 20 21 22 23 24 25 26 27 28 29 30 31 32 33 34 35 36 37 38 39 40 41 42 43 44 45 46 47 48 49 50 51 52 53 54 55 56 57 58 59 60 61 62 63 64 65 66 67 68 69 70 71 72 73 
2311 470532 470539 74 
2317 470746 470750 1 
2313 470750 471547 1 2 3 4 5 6 7 8 9 74 75 76 77 78 79 80 81 82 83 84 85 86 87 88 89 90 91 92 93 94 95 96 97 98 99 100 101 102 103 104 105 106 107 108 109 110 111 112 113 114 115 116 117 118 119 120 121 122 123 124 125 126 127 128 
2316 470762 470772 10 
2318 470799 470804 10 
2319 470908 470913 10 
2322 471226 471237 10 
2315 471226 471256 11 
2325 471306 471767 10 11 12 13 14 15 16 17 18 19 20 21 22 23 24 25 26 27 28 29 30 31 32 33 34 35 36 37 38 39 40 41 42 43 44 45 46 47 48 49 50 51 52 53 54 55 56 57 58 59 60 61 62 63 64 65 66 67 68 69 70 71 72 73 
2321 471547 471552 1 
2327 471547 471778 2 3 4 5 6 7 8 9 74 75 76 77 78 79 80 81 
2324 471547 471565 82 
2326 471547 471553 83 
2323 471547 471578 84 
2331 472224 472612 1 2 3 4 5 6 7 8 9 10 11 12 13 14 15 16 17 18 19 20 21 22 23 24 25 26 27 28 29 30 31 32 33 34 35 36 37 38 39 40 41 42 43 44 45 46 47 48 49 50 51 52 53 54 55 56 57 58 59 60 61 62 63 64 
2339 473348 473502 1 2 3 4 5 6 7 8 9 10 11 12 13 14 15 16 17 18 19 20 21 22 23 24 25 26 27 28 29 30 31 32 33 34 35 36 37 38 39 40 41 42 43 44 45 46 47 48 49 50 51 52 53 54 55 56 57 58 59 60 61 62 63 64 
2328 473348 473354 65 
2333 473354 473818 65 66 67 68 69 70 71 72 73 74 75 76 77 78 79 80 81 82 83 84 85 86 87 88 89 90 91 92 93 94 95 96 97 98 99 100 101 102 103 104 105 106 107 108 109 110 111 112 113 114 115 116 117 118 119 120 121 122 123 124 125 126 127 128 
2329 473502 473506 1 
2320 473502 473587 2 3 4 5 6 7 8 9 10 11 12 13 14 15 16 17 
2343 474220 474247 1 
2345 474259 474992 1 2 3 4 
2362 476962 477462 1 2 3 4 5 6 7 8 9 10 11 12 13 14 15 16 17 18 19 20 21 22 23 24 25 26 27 28 29 30 31 32 33 34 35 36 37 38 39 40 41 42 43 44 45 46 47 48 49 50 51 52 53 54 55 56 57 58 59 60 61 62 63 64 
2360 476962 476996 65 66 67 68 69 70 71 72 73 74 75 76 77 78 79 80 81 82 83 84 85 86 87 88 89 90 91 92 93 94 95 96 97 98 99 100 101 102 103 104 105 106 107 108 109 110 111 112 113 114 115 116 117 118 119 120 121 122 123 124 125 126 127 128 
2367 477721 477918 1 2 3 4 5 6 7 8 9 10 11 12 13 14 15 16 17 18 19 20 21 22 23 24 25 26 27 28 29 30 31 32 33 34 35 36 37 38 39 40 41 42 43 44 45 46 47 48 49 50 51 52 53 54 55 56 57 58 59 60 61 62 63 64 
2346 477721 478433 65 66 
2356 477918 478550 1 2 3 4 5 6 7 8 9 10 11 12 13 14 15 16 17 18 19 20 21 22 23 24 25 26 27 28 29 30 31 32 33 34 35 36 37 38 39 40 41 42 43 44 45 46 47 48 49 50 51 52 53 54 55 56 57 58 59 60 61 62 63 64 
2370 478433 479513 65 66 67 68 69 70 71 72 73 74 75 76 77 78 79 80 81 82 83 84 85 86 87 88 89 90 91 92 93 94 95 96 97 98 99 100 101 102 103 104 105 106 107 108 109 110 111 112 113 114 115 116 117 118 119 120 121 122 123 124 125 126 127 128 
2341 478550 478575 1 2 3 4 5 6 7 8 9 10 11 12 13 14 15 16 17 18 19 20 21 22 23 24 25 26 27 28 29 30 31 32 33 34 35 36 37 38 39 40 41 42 43 44 45 46 47 48 49 50 51 52 53 54 55 56 57 58 59 60 61 62 63 64 
2364 478575 478607 1 2 3 4 5 6 7 8 9 10 11 12 13 14 15 16 17 18 19 20 21 22 23 24 25 26 27 28 29 30 31 32 33 34 35 36 37 38 39 40 41 42 43 44 45 46 47 48 49 50 51 52 53 54 55 56 57 58 59 60 61 62 63 64 
2379 479689 479708 1 
2373 479689 479715 2 3 4 5 6 7 8 9 10 11 12 13 14 15 16 17 18 19 20 21 22 23 24 25 26 27 28 29 30 31 32 33 34 35 36 37 38 39 40 41 42 43 44 45 46 47 48 49 50 51 52 53 54 55 56 57 58 59 60 61 62 63 64 65 
2377 479689 480522 66 67 
2376 479689 480541 68 69 70 71 
2383 479822 479837 1 
2385 479883 480112 1 2 3 4 5 6 7 8 9 10 11 12 13 14 15 16 17 18 19 20 21 22 23 24 25 26 27 28 29 30 31 32 
2387 480160 481152 1 2 3 4 5 6 7 8 9 10 11 12 13 14 15 16 17 18 19 20 21 22 23 24 25 26 27 28 29 30 31 32 33 34 35 36 37 38 39 40 41 42 43 44 45 46 47 48 49 50 51 52 53 54 55 56 57 58 59 60 61 62 63 64 
2391 481155 481185 1 
2386 481155 481174 2 
2398 481399 481487 1 
2400 481816 481854 1 2 3 4 5 6 7 8 
2394 481816 483830 9 10 11 12 13 14 15 16 17 18 19 20 21 22 23 24 25 26 27 28 29 30 31 32 33 34 35 36 37 38 39 40 41 42 43 44 45 46 47 48 49 50 51 52 53 54 55 56 57 58 59 60 61 62 63 64 65 66 67 68 69 70 71 72 
2401 482285 482309 1 
2396 482285 482319 2 
2404 482524 482532 1 2 3 4 5 6 7 8 
2405 483041 483065 1 2 3 4 5 6 7 8 
2374 483065 484049 1 2 3 4 5 6 7 8 73 74 75 76 77 78 79 80 81 82 83 84 85 86 87 88 89 90 91 92 93 94 95 96 97 98 99 100 101 102 103 104 105 106 107 108 109 110 111 112 113 114 115 116 117 118 119 120 121 122 123 124 125 126 127 128 
2389 483830 483843 9 
2408 483843 484939 9 10 11 12 13 14 15 16 17 18 19 20 21 22 23 24 25 26 27 28 29 30 31 32 33 34 35 36 37 38 39 40 41 42 43 44 45 46 47 48 49 50 51 52 53 54 55 56 57 58 59 60 61 62 63 64 65 66 67 68 69 70 71 72 
2407 484049 484061 1 
2403 484049 484078 2 3 4 5 
2402 484049 484073 6 7 
2411 484049 484078 8 
2406 484049 484062 73 74 75 76 77 78 79 80 
2410 484049 484062 81 82 83 84 85 86 87 88 
2414 484049 484839 89 90 
2417 484086 484099 1 
2412 484086 484168 2 
2415 484086 484111 3 4 5 6 7 8 73 74 
2418 484109 484132 1 75 76 77 78 79 80 81 
2420 484839 485544 1 2 3 4 5 6 7 8 73 74 75 76 77 78 79 80 81 82 83 84 85 86 87 88 89 90 91 92 93 94 95 96 97 98 99 100 101 102 103 104 105 106 107 108 109 110 111 112 113 114 115 116 117 118 119 120 121 122 123 124 125 126 127 128 
2419 484939 484949 9 
2423 485263 485484 9 10 11 12 13 14 15 16 17 18 19 20 21 22 23 24 25 26 27 28 29 30 31 32 33 34 35 36 37 38 39 40 
2425 485511 485688 9 10 11 12 13 14 15 16 17 18 19 20 21 22 23 24 
2422 485544 486176 1 2 3 4 5 6 7 8 25 26 27 28 29 30 31 32 33 34 35 36 37 38 39 40 41 42 43 44 45 46 47 48 49 50 51 52 53 54 55 56 57 58 59 60 61 62 63 64 65 66 67 68 69 70 71 72 73 74 75 76 77 78 79 80 
2427 486016 489409 9 10 11 12 13 14 15 16 17 18 19 20 21 22 23 24 
2421 486016 486102 81 
2424 486016 486051 82 83 84 85 86 87 88 89 
2429 486046 486205 90 91 
2431 486225 486342 1 2 3 4 5 6 7 8 25 26 27 28 29 30 31 32 
2430 486225 486357 33 34 35 36 37 38 39 40 41 42 43 44 45 46 47 48 49 50 51 52 53 54 55 56 57 58 59 60 61 62 63 64 
2428 486225 487329 65 66 67 68 69 70 71 72 73 74 75 76 77 78 79 80 81 82 83 84 85 86 87 88 89 90 91 92 93 94 95 96 97 98 99 100 101 102 103 104 105 106 107 108 109 110 111 112 113 114 115 116 117 118 119 120 121 122 123 124 125 126 127 128 
2413 486342 487150 1 2 3 4 
2435 486958 487050 5 6 7 8 25 26 27 28 
2432 486958 486977 29 30 31 32 33 34 35 36 37 38 39 40 41 42 43 44 
2426 486958 487297 45 46 47 48 49 50 51 52 
2437 487142 487151 5 
2436 487142 487153 6 
2433 487142 488712 7 8 
2438 487329 487743 1 2 3 4 5 6 25 26 27 28 29 30 31 32 33 34 35 36 37 38 39 40 41 42 43 44 45 46 47 48 49 50 51 52 53 54 55 56 57 58 59 60 61 62 63 64 65 66 67 68 69 70 71 72 73 74 75 76 77 78 79 80 81 82 
2441 488082 488265 1 2 3 4 5 6 25 26 27 28 29 30 31 32 33 34 35 36 37 38 39 40 41 42 43 44 45 46 47 48 49 50 51 52 53 54 55 56 57 58 59 60 61 62 63 64 65 66 67 68 69 70 71 72 73 74 75 76 77 78 79 80 81 82 
2439 488265 488559 1 2 3 4 5 6 25 26 27 28 29 30 31 32 33 34 35 36 37 38 39 40 41 42 43 44 45 46 47 48 49 50 51 52 53 54 55 56 57 58 59 60 61 62 63 64 65 66 67 68 69 70 71 72 73 74 75 76 77 78 79 80 81 82 
2434 488265 488287 83 84 85 86 87 88 89 90 91 92 93 94 95 96 97 98 
2440 488265 488275 99 
2445 488486 488504 83 
2444 488486 488506 84 
2446 488651 488659 1 
2442 488651 488834 2 3 4 5 6 25 26 27 28 29 30 31 32 33 34 35 36 37 38 39 40 41 42 43 44 45 46 47 48 49 50 51 52 53 54 55 56 57 58 59 60 61 62 63 64 65 66 67 68 69 70 71 72 73 74 75 76 77 78 79 80 81 82 83 
2447 488661 488860 1 84 
2451 489519 489683 1 2 3 4 5 6 7 8 9 10 11 12 13 14 15 16 17 18 19 20 21 22 23 24 25 26 27 28 29 30 31 32 33 34 35 36 37 38 39 40 41 42 43 44 45 46 47 48 49 50 51 52 53 54 55 56 57 58 59 60 61 62 63 64 
2449 489519 489532 65 
2448 489519 489525 66 
2453 490310 490510 1 2 3 4 5 6 7 8 
2454 490525 490726 1 2 3 4 5 6 7 8 9 10 11 12 13 14 15 16 
2450 490525 494358 17 18 19 20 21 22 23 24 25 26 27 28 29 30 31 32 33 34 35 36 37 38 39 40 41 42 43 44 45 46 47 48 49 50 51 52 53 54 55 56 57 58 59 60 61 62 63 64 65 66 67 68 69 70 71 72 73 74 75 76 77 78 79 80 
2452 490525 490726 81 82 83 84 
2463 492122 492280 1 2 3 4 
2443 492122 492146 5 
2459 492122 492150 6 7 
2467 492492 492768 1 2 3 4 5 6 7 8 
2458 492492 492520 9 
2468 492713 492728 9 
2460 492713 492727 10 
2471 492897 493210 1 2 3 4 5 6 7 8 9 10 11 12 13 14 15 16 
2488 496240 496267 1 
2496 497104 497115 1 
2478 497104 497114 2 
2513 506734 517657 1 2 3 4 5 6 7 8 9 10 11 12 13 14 15 16 17 18 19 20 21 22 23 24 25 26 27 28 29 30 31 32 33 34 35 36 37 38 39 40 41 42 43 44 45 46 47 48 49 50 51 52 53 54 55 56 57 58 59 60 61 62 63 64 
2512 506734 506744 65 
2470 506744 514318 65 66 67 68 69 70 71 72 73 74 75 76 77 78 79 80 81 82 83 84 85 86 87 88 89 90 91 92 93 94 95 96 97 98 99 100 101 102 103 104 105 106 107 108 109 110 111 112 113 114 115 116 117 118 119 120 121 122 123 124 125 126 127 128 
2515 514318 514738 65 66 
2524 517663 528586 1 2 3 4 5 6 7 8 9 10 11 12 13 14 15 16 
2610 528591 538182 1 2 3 4 5 6 7 8 9 10 11 12 13 14 15 16 17 18 19 20 21 22 23 24 25 26 27 28 29 30 31 32 33 34 35 36 37 38 39 40 41 42 43 44 45 46 47 48 49 50 51 52 53 54 55 56 57 58 59 60 61 62 63 64 65 66 67 68 69 70 71 72 73 74 75 76 77 78 79 80 81 82 83 84 85 86 87 88 89 90 91 92 93 94 95 96 97 98 99 100 101 102 103 104 105 106 107 108 109 110 111 112 113 114 115 116 117 118 119 120 121 122 123 124 125 126 127 128 
2634 540409 546354 1 2 3 4 5 6 7 8 9 10 11 12 13 14 15 16 17 18 19 20 21 22 23 24 25 26 27 28 29 30 31 32 33 34 35 36 37 38 39 40 41 42 43 44 45 46 47 48 49 50 51 52 53 54 55 56 57 58 59 60 61 62 63 64 
2489 540409 540658 65 66 67 68 69 70 71 72 73 74 75 76 77 78 79 80 81 82 83 84 85 86 87 88 89 90 91 92 93 94 95 96 
2681 545299 545740 65 66 67 68 69 70 71 72 73 74 75 76 77 78 79 80 
2514 545299 545738 81 82 83 84 
2627 545740 546238 65 66 67 68 69 70 71 72 73 74 75 76 77 78 79 80 81 82 83 84 85 86 87 88 89 90 91 92 93 94 95 96 97 98 99 100 101 102 103 104 105 106 107 108 109 110 111 112 113 114 115 116 117 118 119 120 121 122 123 124 125 126 127 128 
2685 546238 546255 65 
2686 546238 546418 66 67 68 69 70 71 72 73 74 75 76 77 78 79 80 81 
2695 547978 548362 1 2 3 4 
2702 550969 551282 1 2 3 4 5 6 7 8 9 10 11 12 13 14 15 16 17 18 19 20 21 22 23 24 25 26 27 28 29 30 31 32 33 34 35 36 37 38 39 40 41 42 43 44 45 46 47 48 49 50 51 52 53 54 55 56 57 58 59 60 61 62 63 64 
2490 550969 551155 65 66 67 68 
2703 551104 551118 69 
2709 552568 552886 1 2 3 4 5 6 7 8 9 10 11 12 13 14 15 16 17 18 19 20 21 22 23 24 25 26 27 28 29 30 31 32 33 34 35 36 37 38 39 40 41 42 43 44 45 46 47 48 49 50 51 52 53 54 55 56 57 58 59 60 61 62 63 64 
2711 552925 555338 1 2 3 4 5 6 7 8 9 10 11 12 13 14 15 16 17 18 19 20 21 22 23 24 25 26 27 28 29 30 31 32 33 34 35 36 37 38 39 40 41 42 43 44 45 46 47 48 49 50 51 52 53 54 55 56 57 58 59 60 61 62 63 64 
2698 552925 553699 65 66 67 68 69 70 71 72 73 74 75 76 77 78 79 80 
2704 553699 554925 65 66 67 68 69 70 71 72 73 74 75 76 77 78 79 80 81 82 83 84 85 86 87 88 89 90 91 92 93 94 95 96 97 98 99 100 101 102 103 104 105 106 107 108 109 110 111 112 113 114 115 116 117 118 119 120 121 122 123 124 125 126 127 128 
2716 554925 556432 65 
2701 554925 556890 66 
2718 555089 555102 67 
2722 555751 555768 1 
2708 555751 555765 2 
2725 556178 556188 1 2 3 4 
2723 556178 556502 5 6 7 8 9 10 11 12 13 14 15 16 17 18 19 20 
2715 556178 556208 21 
2729 556506 556518 1 
2728 556506 556523 2 
2730 556520 556730 1 3 4 5 6 7 8 9 10 11 12 13 14 15 16 17 18 19 20 21 22 23 24 25 26 27 28 29 30 31 32 33 34 35 36 37 38 39 40 41 42 43 44 45 46 47 48 49 50 51 52 53 54 55 56 57 58 59 60 61 62 63 64 65 
2727 556520 556540 67 68 69 70 71 72 73 74 75 76 77 78 79 80 81 82 
2726 556520 556534 83 84 85 86 87 88 89 90 
2720 556730 557816 1 2 3 4 5 6 7 8 9 10 11 12 13 14 15 16 17 18 19 20 21 22 23 24 25 26 27 28 29 30 31 32 33 34 35 36 37 38 39 40 41 42 43 44 45 46 47 48 49 50 51 52 53 54 55 56 57 58 59 60 61 62 63 64 
2737 557285 557307 65 66 67 68 69 70 71 72 73 74 75 76 77 78 79 80 81 82 83 84 85 86 87 88 89 90 91 92 93 94 95 96 
2733 557307 557548 65 66 67 68 69 70 71 72 73 74 75 76 77 78 79 80 81 82 83 84 85 86 87 88 89 90 91 92 93 94 95 96 97 98 99 100 101 102 103 104 105 106 107 108 109 110 111 112 113 114 115 116 117 118 119 120 121 122 123 124 125 126 127 128 
2741 558127 558145 1 
2732 558127 558295 2 3 4 5 6 7 8 9 10 11 12 13 14 15 16 17 18 19 20 21 22 23 24 25 26 27 28 29 30 31 32 33 34 35 36 37 38 39 40 41 42 43 44 45 46 47 48 49 50 51 52 53 54 55 56 57 58 59 60 61 62 63 64 65 
2744 558770 559895 1 2 3 4 5 6 7 8 9 10 11 12 13 14 15 16 17 18 19 20 21 22 23 24 25 26 27 28 29 30 31 32 33 34 35 36 37 38 39 40 41 42 43 44 45 46 47 48 49 50 51 52 53 54 55 56 57 58 59 60 61 62 63 64 
2745 558779 558823 65 66 67 68 69 70 71 72 
2746 559034 559052 65 66 67 68 69 70 71 72 
2743 559034 559067 73 
2735 559034 559048 74 75 76 77 78 79 80 81 
2736 559034 559043 82 83 84 85 
2748 559069 559133 65 66 67 68 69 70 71 72 
2750 559584 560000 65 66 67 68 69 70 71 72 73 74 75 76 77 78 79 80 
2753 559947 560338 1 2 3 4 5 6 7 8 9 10 11 12 13 14 15 16 17 18 19 20 21 22 23 24 25 26 27 28 29 30 31 32 
2752 559947 559976 33 
2755 559999 561184 33 34 35 36 37 38 39 40 41 42 43 44 45 46 47 48 49 50 51 52 53 54 55 56 57 58 59 60 61 62 63 64 81 82 83 84 85 86 87 88 89 90 91 92 93 94 95 96 97 98 99 100 101 102 103 104 105 106 107 108 109 110 111 112 
2751 559999 560068 113 114 115 116 117 118 119 120 
2738 560338 561162 1 2 3 4 5 6 7 8 9 10 11 12 13 14 15 16 17 18 19 20 21 22 23 24 25 26 27 28 29 30 31 32 65 66 67 68 69 70 71 72 73 74 75 76 77 78 79 80 113 114 115 116 117 118 119 120 121 122 123 124 125 126 127 128 
2758 561162 561185 1 
2763 561162 570161 2 3 4 5 6 7 8 9 
2769 561162 561256 10 11 12 13 14 15 16 17 
2754 561162 561203 18 
2770 561190 561271 1 19 20 21 22 23 24 25 
2762 561190 561911 26 27 28 29 30 31 32 33 34 35 36 37 38 39 40 41 
2771 561193 561230 42 
2773 561254 561297 18 
2772 561254 561284 42 
2757 561254 561693 43 44 45 46 47 48 49 50 
2779 561945 561960 1 
2776 561945 561965 10 
2774 561945 563069 11 12 13 14 15 16 17 18 19 20 21 22 23 24 25 26 27 28 29 30 31 32 33 34 35 36 37 38 39 40 41 42 43 44 45 46 47 48 49 50 51 52 53 54 55 56 57 58 59 60 61 62 63 64 65 66 67 68 69 70 71 72 73 74 
2782 563069 563238 1 10 11 12 13 14 15 16 17 18 19 20 21 22 23 24 25 26 27 28 29 30 31 32 33 34 35 36 37 38 39 40 41 42 43 44 45 46 47 48 49 50 51 52 53 54 55 56 57 58 59 60 61 62 63 64 65 66 67 68 69 70 71 72 
2783 563069 563095 73 
2759 563069 563103 74 
2781 563069 563082 75 
2785 563238 564349 1 10 11 12 13 14 15 16 17 18 19 20 21 22 23 24 25 26 27 28 29 30 31 32 33 34 35 36 37 38 39 40 41 42 43 44 45 46 47 48 49 50 51 52 53 54 55 56 57 58 59 60 61 62 63 64 65 66 67 68 69 70 71 72 
2792 563815 563833 73 
2793 563844 563864 73 74 75 76 77 78 79 80 
2797 564349 565456 1 10 11 12 13 14 15 16 17 18 19 20 21 22 23 24 25 26 27 28 29 30 31 32 33 34 35 36 37 38 39 40 41 42 43 44 45 46 47 48 49 50 51 52 53 54 55 56 57 58 59 60 61 62 63 64 65 66 67 68 69 70 71 72 
2803 565364 565376 73 
2805 565545 566630 1 10 11 12 13 14 15 16 17 18 19 20 21 22 23 24 25 26 27 28 29 30 31 32 33 34 35 36 37 38 39 40 41 42 43 44 45 46 47 48 49 50 51 52 53 54 55 56 57 58 59 60 61 62 63 64 65 66 67 68 69 70 71 72 
2811 566285 566297 73 
2814 566724 566768 1 10 11 12 13 14 15 16 17 18 19 20 21 22 23 24 
2795 566724 566795 25 26 27 28 29 30 31 32 
2815 566775 566826 1 10 11 12 13 14 15 16 17 18 19 20 21 22 23 24 
2813 566775 566787 33 
2818 566870 566940 1 10 11 12 13 14 15 16 17 18 19 20 21 22 23 24 
2777 566870 568399 25 
2822 567496 567567 1 10 11 12 13 14 15 16 17 18 19 20 21 22 23 24 
2791 567496 567577 26 
2816 567496 567547 27 28 29 30 31 32 33 34 35 36 37 38 39 40 41 42 
2827 567670 567740 1 10 11 12 13 14 15 16 17 18 19 20 21 22 23 24 
2824 567670 569723 26 27 28 29 30 31 32 33 34 35 36 37 38 39 40 41 42 43 44 45 46 47 48 49 50 51 52 53 54 55 56 57 58 59 60 61 62 63 64 65 66 67 68 69 70 71 72 73 74 75 76 77 78 79 80 81 82 83 84 85 86 87 88 89 
2826 567670 567692 90 91 92 93 94 95 96 97 98 99 100 101 102 103 104 105 
2829 567717 567791 90 91 92 93 94 95 96 97 98 99 100 101 102 103 104 105 
2830 567787 567855 1 10 11 12 13 14 15 16 17 18 19 20 21 22 23 24 
2833 567862 567876 1 10 11 12 13 14 15 16 
2835 567944 568008 1 10 11 12 13 14 15 16 17 18 19 20 21 22 23 24 
2834 567944 568018 90 91 92 93 94 95 96 97 
2820 567944 567993 98 99 100 101 102 103 104 105 106 107 108 109 110 111 112 113 
2837 568297 568310 1 
2832 568297 568362 10 11 12 13 14 15 16 17 18 19 20 21 22 23 24 90 
2838 568669 568743 1 10 11 12 13 14 15 16 17 18 19 20 21 22 23 24 
2840 568750 568829 1 10 11 12 13 14 15 16 17 18 19 20 21 22 23 24 
2817 569723 570344 1 10 11 12 13 14 15 16 17 18 19 20 21 22 23 24 25 26 27 28 29 30 31 32 33 34 35 36 37 38 39 40 41 42 43 44 45 46 47 48 49 50 51 52 53 54 55 56 57 58 59 60 61 62 63 64 65 66 67 68 69 70 71 72 
2844 569723 569802 73 74 75 76 77 78 79 80 81 82 83 84 85 86 87 88 
2845 569723 569830 89 90 91 92 93 94 95 96 97 98 99 100 101 102 103 104 
2843 569723 569738 105 
2853 569723 569733 106 
2854 569723 569741 107 
2841 569723 569751 108 109 110 111 112 113 114 115 116 117 118 119 120 121 122 123 
2842 569751 569843 105 106 107 108 109 110 111 112 113 114 115 116 117 118 119 120 
2852 569830 570029 73 74 75 76 77 78 79 80 81 82 83 84 85 86 87 88 89 90 91 92 93 94 95 96 97 98 99 100 101 102 103 104 
2858 570165 570174 2 3 4 5 6 7 8 9 73 74 75 76 77 78 79 80 
2859 570188 572469 2 3 4 5 6 7 8 9 73 74 75 76 77 78 79 80 
2846 570188 570277 81 82 83 84 85 86 87 88 89 90 91 92 93 94 95 96 
2867 570944 570955 1 
2855 570944 571087 10 11 12 13 14 15 16 17 18 19 20 21 22 23 24 25 26 27 28 29 30 31 32 33 34 35 36 37 38 39 40 41 42 43 44 45 46 47 48 49 50 51 52 53 54 55 56 57 58 59 60 61 62 63 64 65 66 67 68 69 70 71 72 81 
2871 571937 576532 1 10 11 12 13 14 15 16 
2857 571937 573929 17 18 19 20 21 22 23 24 25 26 27 28 29 30 31 32 33 34 35 36 37 38 39 40 41 42 43 44 45 46 47 48 49 50 51 52 53 54 55 56 57 58 59 60 61 62 63 64 65 66 67 68 69 70 71 72 81 82 83 84 85 86 87 88 
2878 572595 572655 2 3 4 5 6 7 8 9 
2885 573809 573830 2 
2860 573809 580089 3 4 5 6 7 8 9 73 74 75 76 77 78 79 80 89 
2872 573929 575935 2 17 18 19 20 21 22 23 24 25 26 27 28 29 30 31 32 33 34 35 36 37 38 39 40 41 42 43 44 45 46 47 48 49 50 51 52 53 54 55 56 57 58 59 60 61 62 63 64 65 66 67 68 69 70 71 72 81 82 83 84 85 86 87 
2891 574773 576532 88 90 91 92 93 94 95 96 
2889 575935 577931 2 17 18 19 20 21 22 23 24 25 26 27 28 29 30 31 32 33 34 35 36 37 38 39 40 41 42 43 44 45 46 47 48 49 50 51 52 53 54 55 56 57 58 59 60 61 62 63 64 65 66 67 68 69 70 71 72 81 82 83 84 85 86 87 
2896 575935 575993 97 98 99 100 101 102 103 104 105 106 107 108 109 110 111 112 
2898 575935 575963 113 114 115 116 117 118 119 120 121 122 123 124 125 126 127 128 
2888 575963 575976 113 
2900 575963 576028 114 115 116 117 
2899 575993 576077 97 98 99 100 101 102 103 104 105 106 107 108 109 110 111 112 
2879 575993 576062 113 118 119 120 121 122 123 124 
2870 575993 576003 125 
2901 576014 576024 125 
2903 576063 576127 113 114 115 116 117 118 119 120 121 122 123 124 125 126 127 128 
2902 576077 576214 97 98 99 100 
2897 576127 576227 101 102 103 104 105 106 107 108 109 110 111 112 113 114 115 116 
2904 576214 576219 97 98 99 100 117 118 119 120 121 122 123 124 125 126 127 128 
2909 576528 576532 97 
2906 576528 576650 98 99 100 101 102 103 104 105 106 107 108 109 110 111 112 113 
2905 576532 576640 1 10 11 12 13 14 15 16 88 90 91 92 93 94 95 96 
2910 577188 577243 1 10 11 12 13 14 15 16 88 90 91 92 93 94 95 96 
2908 577188 577200 97 
2914 577375 579573 1 10 11 12 13 14 15 16 
2907 577375 577598 88 90 91 92 93 94 95 96 97 98 99 100 101 102 103 104 105 106 107 108 109 110 111 112 113 114 115 116 117 118 119 120 
2913 577931 580017 2 17 18 19 20 21 22 23 24 25 26 27 28 29 30 31 32 33 34 35 36 37 38 39 40 41 42 43 44 45 46 47 48 49 50 51 52 53 54 55 56 57 58 59 60 61 62 63 64 65 66 67 68 69 70 71 72 81 82 83 84 85 86 87 
2912 577931 578025 88 90 91 92 93 94 95 96 97 98 99 100 101 102 103 104 
2916 578313 578588 88 90 91 92 93 94 95 96 97 98 99 100 101 102 103 104 105 106 107 108 109 110 111 112 113 114 115 116 117 118 119 120 
2915 578588 578848 88 90 91 92 93 94 95 96 97 98 99 100 101 102 103 104 105 106 107 108 109 110 111 112 113 114 115 116 117 118 119 120 
2911 578848 578915 88 90 91 92 93 94 95 96 97 98 99 100 101 102 103 104 
2917 578848 578863 105 
2922 579139 579144 88 
2919 579139 579463 90 91 92 93 94 95 96 97 98 99 100 101 102 103 104 105 106 107 108 109 110 111 112 113 114 115 116 117 118 119 120 121 
2920 579139 579203 122 
2925 579422 579435 88 
2921 579422 579428 122 
2924 579422 579588 123 124 
2926 579614 579679 1 10 11 12 13 14 15 16 88 90 91 92 93 94 95 96 
2928 579625 579719 97 98 99 100 101 102 103 104 105 106 107 108 109 110 111 112 
2930 580131 580760 1 2 3 4 5 6 7 8 9 10 11 12 13 14 15 16 17 18 19 20 21 22 23 24 25 26 27 28 29 30 31 32 
2923 580131 580136 33 
2929 580131 580340 34 35 36 37 38 39 40 41 42 43 44 45 46 47 48 49 50 51 52 53 54 55 56 57 58 59 60 61 62 63 64 65 
2927 580131 580200 66 67 68 69 70 71 72 73 74 75 76 77 78 79 80 81 
2932 580210 582238 33 66 67 68 69 70 71 72 73 74 75 76 77 78 79 80 81 82 83 84 85 86 87 88 89 90 91 92 93 94 95 96 97 98 99 100 101 102 103 104 105 106 107 108 109 110 111 112 113 114 115 116 117 118 119 120 121 122 123 124 125 126 127 128 
2918 580340 582643 34 35 36 37 38 39 40 41 42 43 44 45 46 47 48 49 
2934 581179 581208 1 
2937 581991 582155 1 2 3 4 5 6 7 8 9 10 11 12 13 14 15 16 
2931 581991 582065 17 18 19 20 21 22 23 24 25 26 27 28 29 30 31 32 
2938 582065 582412 17 18 19 20 21 22 23 24 25 26 27 28 29 30 31 32 50 51 52 53 54 55 56 57 58 59 60 61 62 63 64 65 
2940 582160 582233 1 2 3 4 5 6 7 8 9 10 11 12 13 14 15 16 
2939 582233 582302 1 2 3 4 5 6 7 8 9 10 11 12 13 14 15 16 
2941 582238 582340 33 66 67 68 69 70 71 72 73 74 75 76 77 78 79 80 
2942 582244 582257 81 
2933 582244 582268 82 
2944 583372 583651 1 2 3 4 5 6 7 8 9 10 11 12 13 14 15 16 17 18 19 20 21 22 23 24 25 26 27 28 29 30 31 32 
2943 583372 583640 33 34 35 36 37 38 39 40 41 42 43 44 45 46 47 48 49 50 51 52 53 54 55 56 57 58 59 60 61 62 63 64 
2935 583372 583387 65 
2936 583372 583467 66 67 68 69 70 71 72 73 74 75 76 77 78 79 80 81 
2945 583502 583518 65 
2950 586982 587066 1 2 3 4 5 6 7 8 9 10 11 12 13 14 15 16 
2951 587055 587147 17 18 19 20 21 22 23 24 25 26 27 28 29 30 31 32 
2949 587055 587423 33 34 35 36 37 38 39 40 41 42 43 44 45 46 47 48 49 50 51 52 53 54 55 56 57 58 59 60 61 62 63 64 
2947 587055 587392 65 66 67 68 69 70 71 72 73 74 75 76 77 78 79 80 81 82 83 84 85 86 87 88 89 90 91 92 93 94 95 96 
2948 587055 587444 97 98 99 100 101 102 103 104 105 106 107 108 109 110 111 112 113 114 115 116 117 118 119 120 121 122 123 124 125 126 127 128 
2946 587147 587460 1 2 3 4 5 6 7 8 9 10 11 12 13 14 15 16 17 18 19 20 21 22 23 24 25 26 27 28 29 30 31 32 
